DATASET = Randomly generated instance set (z0z0zneznez0z0z2z5z1zkz1z34zkzkz1z3z4s8zt9gz1zaz0zaz1zaz0zv8zyzyzyzyzyzwz)
NAME = Randomly generated instance (1362)

DAY = 1
NUMBER_OF_VEHICLES = 2
1 R 0 471 0 
2 R 0 696 0 

DAY = 2
NUMBER_OF_VEHICLES = 4
1 R 0 65 0 118 0 
2 R 0 209 0 246 0 393 0 
3 R 0 300 0 706 0 
4 R 0 598 0 

DAY = 3
NUMBER_OF_VEHICLES = 7
1 R 0 44 0 50 0 88 0 150 0 
2 R 0 83 0 103 0 372 0 
3 R 0 133 0 -246 0 512 0 
4 R 0 224 0 
5 R 0 302 0 667 0 732 0 
6 R 0 -471 0 
7 R 0 -696 0 

DAY = 4
NUMBER_OF_VEHICLES = 12
1 R 0 22 0 39 0 -150 0 
2 R 0 -44 0 -50 0 107 0 649 0 
3 R 0 89 0 -209 0 252 0 
4 R 0 -118 0 218 0 -372 0 
5 R 0 132 0 304 0 635 0 
6 R 0 -300 0 357 0 
7 R 0 352 0 
8 R 0 355 0 368 0 
9 R 0 -393 0 396 0 
10 R 0 414 0 549 0 
11 R 0 490 0 493 0 
12 R 0 605 0 

DAY = 5
NUMBER_OF_VEHICLES = 20
1 R 0 -22 0 -39 0 271 0 556 0 
2 R 0 45 0 -65 0 159 0 
3 R 0 79 0 -103 0 
4 R 0 104 0 -133 0 290 0 426 0 
5 R 0 105 0 220 0 272 0 
6 R 0 -224 0 
7 R 0 238 0 -304 0 574 0 
8 R 0 314 0 398 0 
9 R 0 356 0 402 0 457 0 
10 R 0 -357 0 466 0 
11 R 0 -368 0 -414 0 
12 R 0 432 0 458 0 
13 R 0 -512 0 542 0 682 0 
14 R 0 518 0 560 0 
15 R 0 -598 0 -732 0 
16 R 0 -635 0 655 0 -667 0 
17 R 0 662 0 -706 0 
18 R 0 697 0 
19 R 0 705 0 
20 R 0 742 0 

DAY = 6
NUMBER_OF_VEHICLES = 21
1 R 0 5 0 30 0 -88 0 -107 0 285 0 
2 R 0 8 0 21 0 206 0 
3 R 0 23 0 -83 0 -649 0 
4 R 0 58 0 -218 0 236 0 
5 R 0 -89 0 -104 0 397 0 
6 R 0 -132 0 -302 0 
7 R 0 179 0 -402 0 
8 R 0 190 0 306 0 452 0 
9 R 0 227 0 346 0 
10 R 0 338 0 450 0 590 0 
11 R 0 -352 0 -432 0 
12 R 0 410 0 -457 0 
13 R 0 -458 0 -493 0 
14 R 0 509 0 561 0 
15 R 0 -542 0 593 0 
16 R 0 -549 0 692 0 
17 R 0 695 0 727 0 
18 R 0 -697 0 
19 R 0 722 0 
20 R 0 739 0 
21 R 0 -742 0 

DAY = 7
NUMBER_OF_VEHICLES = 25
1 R 0 -21 0 26 0 48 0 
2 R 0 -23 0 77 0 -271 0 
3 R 0 37 0 72 0 
4 R 0 74 0 -79 0 395 0 404 0 553 0 
5 R 0 112 0 -159 0 
6 R 0 122 0 136 0 
7 R 0 162 0 284 0 335 0 
8 R 0 184 0 -238 0 
9 R 0 -190 0 363 0 596 0 
10 R 0 -252 0 -290 0 -355 0 -426 0 
11 R 0 298 0 381 0 586 0 -682 0 
12 R 0 319 0 -396 0 
13 R 0 326 0 -692 0 
14 R 0 -356 0 385 0 
15 R 0 364 0 -605 0 
16 R 0 420 0 693 0 
17 R 0 479 0 
18 R 0 -490 0 -739 0 
19 R 0 500 0 
20 R 0 -518 0 -560 0 
21 R 0 -561 0 -655 0 
22 R 0 616 0 -705 0 
23 R 0 625 0 
24 R 0 -662 0 
25 R 0 664 0 

DAY = 8
NUMBER_OF_VEHICLES = 24
1 R 0 -8 0 17 0 55 0 
2 R 0 -30 0 34 0 299 0 -556 0 
3 R 0 38 0 97 0 196 0 
4 R 0 -45 0 56 0 
5 R 0 -105 0 -162 0 -284 0 
6 R 0 127 0 210 0 308 0 
7 R 0 148 0 256 0 
8 R 0 155 0 588 0 
9 R 0 -179 0 -220 0 -404 0 -466 0 
10 R 0 222 0 -272 0 -574 0 
11 R 0 228 0 -306 0 384 0 
12 R 0 276 0 334 0 
13 R 0 288 0 469 0 
14 R 0 -314 0 -326 0 
15 R 0 344 0 -364 0 
16 R 0 -397 0 -398 0 
17 R 0 451 0 523 0 
18 R 0 -509 0 -553 0 583 0 
19 R 0 550 0 575 0 
20 R 0 -593 0 -616 0 
21 R 0 620 0 683 0 
22 R 0 -664 0 
23 R 0 719 0 
24 R 0 750 0 

DAY = 9
NUMBER_OF_VEHICLES = 36
1 R 0 -5 0 -17 0 -48 0 143 0 348 0 
2 R 0 7 0 -26 0 61 0 
3 R 0 24 0 -37 0 382 0 
4 R 0 -34 0 -55 0 
5 R 0 -38 0 -112 0 
6 R 0 -58 0 62 0 -236 0 
7 R 0 63 0 81 0 
8 R 0 95 0 124 0 167 0 411 0 
9 R 0 96 0 126 0 249 0 578 0 686 0 
10 R 0 130 0 161 0 
11 R 0 -136 0 -227 0 
12 R 0 -155 0 -588 0 
13 R 0 160 0 -256 0 -285 0 
14 R 0 188 0 268 0 
15 R 0 -206 0 265 0 
16 R 0 270 0 295 0 -299 0 
17 R 0 281 0 -344 0 359 0 
18 R 0 -298 0 -338 0 -450 0 -586 0 
19 R 0 -308 0 310 0 362 0 371 0 
20 R 0 312 0 325 0 -363 0 
21 R 0 -346 0 408 0 679 0 
22 R 0 -381 0 449 0 -590 0 
23 R 0 -385 0 531 0 
24 R 0 -410 0 -452 0 
25 R 0 439 0 514 0 
26 R 0 480 0 505 0 
27 R 0 491 0 503 0 730 0 
28 R 0 -500 0 563 0 
29 R 0 543 0 629 0 
30 R 0 -550 0 669 0 
31 R 0 572 0 632 0 
32 R 0 594 0 -683 0 
33 R 0 -693 0 -695 0 
34 R 0 718 0 -722 0 745 0 
35 R 0 -719 0 
36 R 0 -727 0 

DAY = 10
NUMBER_OF_VEHICLES = 35
1 R 0 -7 0 15 0 -61 0 -97 0 
2 R 0 49 0 52 0 253 0 
3 R 0 57 0 -72 0 350 0 
4 R 0 -74 0 -77 0 -319 0 
5 R 0 -95 0 -122 0 125 0 
6 R 0 119 0 -124 0 
7 R 0 -127 0 145 0 -359 0 
8 R 0 129 0 282 0 331 0 340 0 487 0 
9 R 0 147 0 -160 0 
10 R 0 -148 0 267 0 467 0 
11 R 0 -161 0 163 0 237 0 
12 R 0 166 0 -228 0 
13 R 0 -184 0 194 0 
14 R 0 199 0 -222 0 329 0 
15 R 0 232 0 301 0 
16 R 0 -276 0 -451 0 
17 R 0 -312 0 333 0 
18 R 0 -335 0 342 0 
19 R 0 345 0 394 0 445 0 
20 R 0 351 0 401 0 510 0 
21 R 0 365 0 -408 0 511 0 
22 R 0 369 0 -575 0 -594 0 
23 R 0 -395 0 -469 0 -505 0 
24 R 0 -420 0 -514 0 
25 R 0 -479 0 -531 0 
26 R 0 507 0 -583 0 601 0 
27 R 0 -523 0 589 0 
28 R 0 546 0 585 0 
29 R 0 566 0 -596 0 
30 R 0 611 0 651 0 
31 R 0 -620 0 -625 0 
32 R 0 -632 0 729 0 
33 R 0 637 0 685 0 
34 R 0 648 0 746 0 
35 R 0 747 0 -750 0 

DAY = 11
NUMBER_OF_VEHICLES = 39
1 R 0 6 0 -15 0 73 0 -382 0 
2 R 0 -24 0 75 0 84 0 
3 R 0 -56 0 -81 0 
4 R 0 111 0 -119 0 -686 0 
5 R 0 -129 0 -268 0 -310 0 
6 R 0 140 0 177 0 -196 0 215 0 462 0 
7 R 0 -147 0 181 0 -199 0 
8 R 0 158 0 -194 0 219 0 
9 R 0 169 0 208 0 226 0 
10 R 0 207 0 -210 0 255 0 
11 R 0 230 0 -232 0 -679 0 
12 R 0 257 0 441 0 528 0 
13 R 0 259 0 -265 0 
14 R 0 261 0 263 0 324 0 
15 R 0 287 0 296 0 311 0 
16 R 0 -288 0 -362 0 
17 R 0 -295 0 -325 0 -371 0 
18 R 0 -301 0 -334 0 482 0 
19 R 0 -340 0 -585 0 -629 0 
20 R 0 361 0 373 0 559 0 602 0 
21 R 0 -369 0 -491 0 -503 0 
22 R 0 -384 0 387 0 403 0 
23 R 0 -394 0 -445 0 
24 R 0 -439 0 463 0 
25 R 0 453 0 492 0 
26 R 0 465 0 497 0 615 0 
27 R 0 -507 0 -543 0 
28 R 0 513 0 539 0 
29 R 0 541 0 647 0 
30 R 0 -566 0 643 0 
31 R 0 567 0 -648 0 
32 R 0 -572 0 656 0 
33 R 0 584 0 624 0 
34 R 0 622 0 -669 0 
35 R 0 631 0 657 0 731 0 
36 R 0 640 0 690 0 
37 R 0 670 0 714 0 
38 R 0 673 0 -729 0 -747 0 
39 R 0 735 0 

DAY = 12
NUMBER_OF_VEHICLES = 42
1 R 0 11 0 16 0 51 0 
2 R 0 36 0 54 0 70 0 -126 0 
3 R 0 -52 0 141 0 -215 0 
4 R 0 -62 0 -96 0 -143 0 307 0 
5 R 0 -63 0 138 0 -167 0 
6 R 0 -130 0 -145 0 -348 0 617 0 
7 R 0 139 0 154 0 658 0 
8 R 0 157 0 235 0 303 0 475 0 
9 R 0 165 0 170 0 -467 0 
10 R 0 175 0 205 0 -350 0 
11 R 0 -188 0 -257 0 
12 R 0 201 0 -208 0 454 0 618 0 
13 R 0 225 0 -230 0 
14 R 0 231 0 -237 0 -249 0 -267 0 
15 R 0 244 0 251 0 -449 0 
16 R 0 260 0 262 0 278 0 
17 R 0 -263 0 367 0 -602 0 
18 R 0 -270 0 -282 0 -331 0 -411 0 -487 0 
19 R 0 -281 0 -333 0 -345 0 -578 0 
20 R 0 286 0 391 0 495 0 
21 R 0 343 0 430 0 483 0 711 0 
22 R 0 -365 0 379 0 
23 R 0 389 0 -403 0 
24 R 0 418 0 444 0 517 0 
25 R 0 -441 0 470 0 -546 0 
26 R 0 464 0 478 0 -513 0 
27 R 0 -480 0 -541 0 
28 R 0 481 0 489 0 
29 R 0 -511 0 -528 0 609 0 
30 R 0 557 0 -563 0 -673 0 
31 R 0 580 0 -584 0 
32 R 0 592 0 608 0 708 0 
33 R 0 -601 0 -615 0 672 0 
34 R 0 607 0 721 0 
35 R 0 610 0 628 0 641 0 -718 0 
36 R 0 -611 0 -640 0 
37 R 0 -622 0 -730 0 
38 R 0 630 0 -651 0 
39 R 0 636 0 642 0 698 0 
40 R 0 687 0 691 0 733 0 
41 R 0 -731 0 -735 0 
42 R 0 740 0 -745 0 

DAY = 13
NUMBER_OF_VEHICLES = 53
1 R 0 10 0 28 0 53 0 67 0 
2 R 0 14 0 20 0 -49 0 85 0 115 0 239 0 
3 R 0 -16 0 32 0 -75 0 -125 0 -219 0 
4 R 0 -54 0 -57 0 -73 0 -140 0 
5 R 0 71 0 99 0 606 0 
6 R 0 80 0 -84 0 717 0 
7 R 0 91 0 92 0 
8 R 0 106 0 110 0 -495 0 
9 R 0 109 0 -163 0 
10 R 0 113 0 -170 0 
11 R 0 -157 0 -244 0 -253 0 -475 0 
12 R 0 164 0 178 0 193 0 
13 R 0 -165 0 -166 0 
14 R 0 -175 0 -181 0 -324 0 
15 R 0 187 0 197 0 
16 R 0 202 0 -205 0 -260 0 
17 R 0 -207 0 212 0 
18 R 0 214 0 229 0 
19 R 0 -231 0 240 0 277 0 360 0 
20 R 0 242 0 -251 0 425 0 
21 R 0 -259 0 -278 0 -329 0 
22 R 0 -287 0 293 0 
23 R 0 -311 0 327 0 370 0 
24 R 0 337 0 436 0 
25 R 0 -342 0 -351 0 -462 0 
26 R 0 -373 0 -418 0 -559 0 
27 R 0 374 0 -387 0 -618 0 
28 R 0 -401 0 422 0 -497 0 
29 R 0 412 0 -465 0 -483 0 
30 R 0 421 0 477 0 488 0 
31 R 0 424 0 504 0 
32 R 0 428 0 459 0 
33 R 0 -430 0 -510 0 -607 0 
34 R 0 -444 0 486 0 -609 0 
35 R 0 -453 0 -492 0 
36 R 0 496 0 527 0 738 0 
37 R 0 502 0 614 0 
38 R 0 508 0 -557 0 
39 R 0 525 0 529 0 538 0 
40 R 0 536 0 -589 0 627 0 
41 R 0 545 0 -592 0 
42 R 0 -580 0 -608 0 -641 0 
43 R 0 587 0 -643 0 
44 R 0 -630 0 -647 0 681 0 
45 R 0 -631 0 652 0 -685 0 
46 R 0 -637 0 689 0 
47 R 0 -642 0 661 0 
48 R 0 654 0 674 0 
49 R 0 -670 0 -746 0 
50 R 0 677 0 700 0 
51 R 0 678 0 
52 R 0 703 0 720 0 
53 R 0 737 0 

DAY = 14
NUMBER_OF_VEHICLES = 51
1 R 0 -6 0 -10 0 -67 0 -239 0 -296 0 -307 0 -617 0 
2 R 0 -11 0 -28 0 41 0 -425 0 
3 R 0 13 0 29 0 40 0 -177 0 702 0 
4 R 0 -36 0 47 0 
5 R 0 43 0 258 0 
6 R 0 64 0 114 0 619 0 
7 R 0 69 0 -109 0 461 0 
8 R 0 -111 0 123 0 
9 R 0 131 0 151 0 447 0 
10 R 0 -139 0 -154 0 -226 0 
11 R 0 144 0 -164 0 
12 R 0 -158 0 174 0 579 0 
13 R 0 -169 0 -178 0 -255 0 -738 0 
14 R 0 182 0 189 0 
15 R 0 -201 0 233 0 
16 R 0 203 0 -225 0 297 0 
17 R 0 234 0 241 0 323 0 
18 R 0 -235 0 -303 0 
19 R 0 245 0 250 0 474 0 
20 R 0 -261 0 -262 0 
21 R 0 264 0 -277 0 -464 0 
22 R 0 269 0 749 0 
23 R 0 283 0 339 0 
24 R 0 347 0 -367 0 429 0 
25 R 0 -361 0 -374 0 -657 0 
26 R 0 375 0 415 0 
27 R 0 376 0 -412 0 506 0 
28 R 0 -379 0 -428 0 
29 R 0 380 0 434 0 -672 0 
30 R 0 -389 0 -463 0 
31 R 0 -391 0 448 0 
32 R 0 -424 0 -482 0 
33 R 0 435 0 455 0 
34 R 0 -459 0 -488 0 
35 R 0 476 0 -478 0 
36 R 0 494 0 699 0 
37 R 0 -496 0 -527 0 
38 R 0 -508 0 -636 0 
39 R 0 520 0 -536 0 684 0 
40 R 0 -539 0 570 0 
41 R 0 562 0 -656 0 
42 R 0 -567 0 638 0 
43 R 0 604 0 
44 R 0 623 0 -624 0 
45 R 0 659 0 676 0 
46 R 0 -677 0 -687 0 
47 R 0 -690 0 
48 R 0 -691 0 712 0 
49 R 0 -714 0 -720 0 
50 R 0 -733 0 -740 0 
51 R 0 736 0 

DAY = 15
NUMBER_OF_VEHICLES = 41
1 R 0 12 0 19 0 -32 0 -41 0 -115 0 
2 R 0 27 0 35 0 -53 0 -70 0 146 0 
3 R 0 -51 0 60 0 76 0 168 0 -717 0 
4 R 0 -69 0 -85 0 116 0 -141 0 
5 R 0 -71 0 121 0 217 0 
6 R 0 -91 0 -138 0 213 0 -454 0 
7 R 0 -113 0 -182 0 
8 R 0 135 0 183 0 386 0 498 0 
9 R 0 -151 0 -187 0 
10 R 0 -189 0 192 0 -203 0 
11 R 0 -202 0 204 0 248 0 
12 R 0 216 0 -240 0 328 0 744 0 
13 R 0 -242 0 274 0 317 0 
14 R 0 -269 0 -343 0 -606 0 
15 R 0 -283 0 292 0 -711 0 
16 R 0 -286 0 322 0 400 0 
17 R 0 291 0 318 0 715 0 
18 R 0 313 0 332 0 
19 R 0 -327 0 -370 0 -486 0 -517 0 
20 R 0 336 0 -339 0 392 0 
21 R 0 377 0 406 0 
22 R 0 407 0 413 0 
23 R 0 419 0 565 0 577 0 
24 R 0 -422 0 -435 0 
25 R 0 -436 0 437 0 
26 R 0 456 0 -470 0 
27 R 0 460 0 521 0 
28 R 0 -477 0 485 0 548 0 
29 R 0 -481 0 -489 0 
30 R 0 -520 0 564 0 
31 R 0 571 0 591 0 -658 0 
32 R 0 -587 0 -610 0 
33 R 0 595 0 -703 0 
34 R 0 -614 0 633 0 
35 R 0 -623 0 -628 0 -708 0 
36 R 0 -638 0 671 0 
37 R 0 -674 0 -678 0 728 0 
38 R 0 675 0 
39 R 0 -698 0 -721 0 748 0 
40 R 0 701 0 743 0 
41 R 0 -737 0 

DAY = 16
NUMBER_OF_VEHICLES = 50
1 R 0 2 0 -14 0 353 0 
2 R 0 3 0 -20 0 211 0 409 0 
3 R 0 -29 0 33 0 -60 0 156 0 
4 R 0 -35 0 78 0 90 0 741 0 
5 R 0 -43 0 -99 0 -504 0 
6 R 0 -80 0 -92 0 
7 R 0 93 0 100 0 -336 0 
8 R 0 -106 0 -110 0 -498 0 
9 R 0 -123 0 -131 0 -360 0 
10 R 0 142 0 172 0 532 0 
11 R 0 173 0 -192 0 
12 R 0 -174 0 186 0 537 0 
13 R 0 -193 0 195 0 383 0 
14 R 0 -197 0 200 0 -529 0 
15 R 0 198 0 552 0 
16 R 0 -204 0 -212 0 -579 0 
17 R 0 -214 0 221 0 
18 R 0 -229 0 -233 0 
19 R 0 -241 0 -250 0 -715 0 
20 R 0 -264 0 -297 0 -652 0 
21 R 0 -291 0 -293 0 
22 R 0 294 0 305 0 
23 R 0 320 0 -322 0 -347 0 
24 R 0 -332 0 -376 0 
25 R 0 -337 0 -681 0 
26 R 0 354 0 388 0 -429 0 
27 R 0 358 0 390 0 
28 R 0 366 0 -392 0 
29 R 0 -375 0 -415 0 
30 R 0 399 0 -525 0 
31 R 0 -413 0 -421 0 
32 R 0 -434 0 440 0 484 0 
33 R 0 -447 0 473 0 524 0 
34 R 0 -460 0 -538 0 
35 R 0 -476 0 -565 0 
36 R 0 -494 0 -595 0 
37 R 0 -502 0 
38 R 0 522 0 573 0 
39 R 0 526 0 568 0 
40 R 0 -545 0 -627 0 
41 R 0 -562 0 660 0 
42 R 0 612 0 -684 0 
43 R 0 -654 0 -743 0 
44 R 0 -661 0 688 0 
45 R 0 -689 0 -700 0 
46 R 0 710 0 -748 0 
47 R 0 -712 0 716 0 
48 R 0 723 0 726 0 
49 R 0 734 0 
50 R 0 -736 0 

DAY = 17
NUMBER_OF_VEHICLES = 45
1 R 0 1 0 9 0 25 0 -386 0 
2 R 0 -13 0 -19 0 -40 0 -146 0 -702 0 
3 R 0 31 0 42 0 
4 R 0 46 0 -47 0 66 0 -328 0 
5 R 0 59 0 -64 0 -353 0 
6 R 0 82 0 98 0 405 0 
7 R 0 87 0 -100 0 569 0 
8 R 0 94 0 243 0 -409 0 515 0 
9 R 0 108 0 152 0 668 0 
10 R 0 -114 0 -121 0 -245 0 -619 0 
11 R 0 134 0 -144 0 
12 R 0 -135 0 -183 0 -741 0 
13 R 0 -142 0 -216 0 -461 0 
14 R 0 153 0 -274 0 
15 R 0 171 0 185 0 519 0 646 0 
16 R 0 -173 0 -305 0 
17 R 0 191 0 -258 0 431 0 
18 R 0 -221 0 266 0 680 0 
19 R 0 223 0 -320 0 -749 0 
20 R 0 -234 0 -294 0 378 0 
21 R 0 254 0 279 0 -323 0 
22 R 0 275 0 -448 0 
23 R 0 -313 0 349 0 -506 0 
24 R 0 315 0 433 0 
25 R 0 -317 0 -354 0 -524 0 
26 R 0 -377 0 -380 0 
27 R 0 -455 0 472 0 555 0 
28 R 0 -456 0 -474 0 -728 0 
29 R 0 -485 0 501 0 
30 R 0 535 0 -552 0 694 0 
31 R 0 547 0 634 0 650 0 
32 R 0 -564 0 -568 0 
33 R 0 -570 0 -571 0 
34 R 0 576 0 581 0 
35 R 0 582 0 -591 0 
36 R 0 -604 0 
37 R 0 -612 0 -676 0 
38 R 0 613 0 626 0 
39 R 0 -633 0 653 0 
40 R 0 639 0 
41 R 0 -659 0 663 0 
42 R 0 666 0 
43 R 0 -699 0 724 0 
44 R 0 725 0 
45 R 0 -734 0 

DAY = 18
NUMBER_OF_VEHICLES = 34
1 R 0 -3 0 4 0 -27 0 -217 0 
2 R 0 -12 0 -31 0 -76 0 
3 R 0 -33 0 68 0 102 0 -213 0 
4 R 0 -78 0 86 0 -116 0 -168 0 
5 R 0 -90 0 117 0 280 0 
6 R 0 128 0 446 0 530 0 
7 R 0 149 0 180 0 247 0 
8 R 0 -185 0 -200 0 321 0 
9 R 0 -198 0 -248 0 -400 0 -744 0 
10 R 0 -243 0 316 0 -406 0 -419 0 
11 R 0 273 0 -292 0 
12 R 0 289 0 -318 0 
13 R 0 -315 0 -405 0 -431 0 
14 R 0 341 0 -378 0 
15 R 0 -358 0 -515 0 -548 0 
16 R 0 -399 0 427 0 -576 0 
17 R 0 -407 0 423 0 
18 R 0 -433 0 -547 0 
19 R 0 -437 0 554 0 
20 R 0 443 0 499 0 597 0 665 0 
21 R 0 468 0 
22 R 0 516 0 -577 0 -660 0 
23 R 0 -521 0 599 0 
24 R 0 -526 0 -634 0 
25 R 0 540 0 
26 R 0 603 0 
27 R 0 -626 0 -701 0 
28 R 0 -639 0 
29 R 0 644 0 645 0 
30 R 0 -653 0 713 0 
31 R 0 -671 0 
32 R 0 -675 0 
33 R 0 709 0 
34 R 0 -716 0 -724 0 

DAY = 19
NUMBER_OF_VEHICLES = 32
1 R 0 -1 0 -2 0 -211 0 
2 R 0 18 0 -46 0 -93 0 101 0 
3 R 0 -66 0 -68 0 -98 0 -499 0 
4 R 0 -82 0 -102 0 -149 0 
5 R 0 -87 0 -117 0 -668 0 
6 R 0 -94 0 -156 0 
7 R 0 120 0 309 0 330 0 442 0 
8 R 0 -134 0 -152 0 -537 0 
9 R 0 137 0 558 0 
10 R 0 -153 0 438 0 
11 R 0 -171 0 -172 0 -555 0 
12 R 0 176 0 -321 0 -440 0 
13 R 0 -180 0 -186 0 -519 0 
14 R 0 -191 0 -366 0 
15 R 0 -195 0 -247 0 
16 R 0 -273 0 -383 0 
17 R 0 -275 0 -390 0 
18 R 0 -289 0 -388 0 -484 0 
19 R 0 416 0 417 0 -427 0 
20 R 0 -423 0 534 0 621 0 
21 R 0 -473 0 544 0 
22 R 0 -522 0 -573 0 
23 R 0 -532 0 -597 0 -665 0 
24 R 0 533 0 551 0 
25 R 0 -535 0 600 0 -646 0 
26 R 0 -603 0 -694 0 
27 R 0 -644 0 -723 0 
28 R 0 -688 0 -725 0 
29 R 0 704 0 
30 R 0 707 0 -726 0 
31 R 0 -709 0 
32 R 0 -710 0 

DAY = 20
NUMBER_OF_VEHICLES = 21
1 R 0 -4 0 -9 0 -25 0 -101 0 
2 R 0 -18 0 -42 0 -316 0 
3 R 0 -59 0 -128 0 -309 0 -442 0 
4 R 0 -86 0 -176 0 -280 0 
5 R 0 -108 0 -266 0 -569 0 
6 R 0 -120 0 -330 0 -416 0 
7 R 0 -137 0 -446 0 -472 0 -530 0 
8 R 0 -223 0 -349 0 
9 R 0 -254 0 -279 0 -417 0 -443 0 -680 0 
10 R 0 -341 0 -438 0 
11 R 0 -468 0 -558 0 
12 R 0 -501 0 -516 0 -534 0 
13 R 0 -533 0 -544 0 
14 R 0 -540 0 -554 0 
15 R 0 -551 0 -581 0 
16 R 0 -582 0 -599 0 
17 R 0 -600 0 -621 0 -704 0 
18 R 0 -613 0 -663 0 
19 R 0 -645 0 -650 0 
20 R 0 -666 0 
21 R 0 -707 0 -713 0 

