DATASET = Randomly generated instance set (z0z0zneznez0z0z2z5z1zkz1z34zkzkz1z3z4s8zt9gz1zaz0zaz1zaz0zv8zyzyzyzyzyzwz)
NAME = Randomly generated instance (9755)

DAY = 1
NUMBER_OF_VEHICLES = 4
1 R 0 223 0 
2 R 0 339 0 
3 R 0 159 583 0 
4 R 0 39 21 0 

DAY = 2
NUMBER_OF_VEHICLES = 5
1 R 0 347 418 0 466 0 
2 R 0 172 0 425 0 256 707 0 
3 R 0 -39 -21 0 -159 742 0 
4 R 0 95 468 198 0 
5 R 0 708 0 

DAY = 3
NUMBER_OF_VEHICLES = 7
1 R 0 461 364 494 0 
2 R 0 170 -707 182 0 238 0 
3 R 0 193 0 384 0 
4 R 0 -468 0 452 0 
5 R 0 -172 732 0 
6 R 0 483 555 -347 0 712 0 
7 R 0 162 0 

DAY = 4
NUMBER_OF_VEHICLES = 12
1 R 0 410 -494 -339 0 213 0 
2 R 0 -461 0 244 0 
3 R 0 382 206 0 340 0 
4 R 0 702 0 -238 0 
5 R 0 671 0 24 0 
6 R 0 -223 0 496 0 
7 R 0 -95 0 7 0 
8 R 0 122 0 12 0 
9 R 0 -182 472 225 0 229 0 
10 R 0 -256 0 -583 68 0 -425 0 
11 R 0 -452 0 -732 685 0 
12 R 0 -418 645 0 

DAY = 5
NUMBER_OF_VEHICLES = 11
1 R 0 -198 -410 561 375 0 
2 R 0 153 56 0 450 -244 0 
3 R 0 346 283 -466 0 437 0 
4 R 0 717 0 -170 0 
5 R 0 235 203 0 610 0 
6 R 0 -384 241 0 
7 R 0 -122 -225 0 -742 -555 0 
8 R 0 -702 0 -229 0 
9 R 0 730 0 
10 R 0 -340 -12 0 
11 R 0 -162 -708 0 

DAY = 6
NUMBER_OF_VEHICLES = 14
1 R 0 -685 171 0 336 0 650 0 
2 R 0 65 0 -610 0 -483 0 
3 R 0 -375 0 411 0 -437 0 
4 R 0 -193 -235 0 -730 507 0 
5 R 0 -283 -364 0 -496 307 0 323 0 
6 R 0 -717 0 27 0 
7 R 0 -56 0 -7 0 
8 R 0 -382 0 390 0 
9 R 0 334 0 591 0 
10 R 0 -346 463 138 691 0 
11 R 0 -712 0 
12 R 0 -24 0 
13 R 0 73 84 0 
14 R 0 2 656 0 738 0 

DAY = 7
NUMBER_OF_VEHICLES = 24
1 R 0 291 394 -411 -323 485 0 669 454 0 
2 R 0 -450 0 -390 662 0 -472 -591 0 
3 R 0 352 0 427 5 -645 0 363 0 
4 R 0 -206 70 0 79 0 
5 R 0 -213 -68 0 -84 558 0 
6 R 0 539 0 616 0 
7 R 0 16 0 
8 R 0 -241 0 619 0 
9 R 0 259 623 0 
10 R 0 692 518 90 0 
11 R 0 664 207 0 
12 R 0 34 0 
13 R 0 327 0 43 484 0 
14 R 0 274 0 404 0 
15 R 0 -671 0 
16 R 0 47 0 628 0 
17 R 0 278 0 
18 R 0 121 0 
19 R 0 -203 -138 735 0 
20 R 0 -463 0 
21 R 0 399 0 
22 R 0 415 0 
23 R 0 412 0 
24 R 0 369 0 

DAY = 8
NUMBER_OF_VEHICLES = 21
1 R 0 465 -153 277 0 42 0 
2 R 0 261 733 0 381 0 367 -539 0 
3 R 0 621 0 161 -291 0 581 0 
4 R 0 341 0 459 0 
5 R 0 -650 0 -171 0 -738 0 
6 R 0 659 560 -363 0 -70 0 
7 R 0 601 0 167 0 195 0 
8 R 0 124 393 -43 0 683 0 462 0 
9 R 0 -121 0 
10 R 0 426 63 -561 0 
11 R 0 622 -34 0 
12 R 0 93 0 445 646 0 
13 R 0 442 0 25 0 
14 R 0 -27 432 0 110 0 
15 R 0 -518 0 -369 237 0 
16 R 0 -47 0 
17 R 0 357 0 
18 R 0 115 -669 0 
19 R 0 596 739 0 
20 R 0 335 0 
21 R 0 625 0 

DAY = 9
NUMBER_OF_VEHICLES = 32
1 R 0 58 85 374 0 580 0 311 0 
2 R 0 709 0 114 0 20 0 
3 R 0 -621 -336 0 -683 0 -462 0 
4 R 0 180 660 0 301 -277 0 201 0 -394 0 
5 R 0 -307 246 557 0 113 0 
6 R 0 -261 -733 305 0 265 0 130 0 
7 R 0 -73 559 3 0 -334 0 -195 0 
8 R 0 372 398 0 289 554 0 
9 R 0 -664 -207 0 -507 0 
10 R 0 255 0 
11 R 0 604 38 0 
12 R 0 552 0 210 0 
13 R 0 -445 -65 0 -560 0 
14 R 0 46 -25 0 
15 R 0 615 -596 101 0 
16 R 0 629 0 590 0 
17 R 0 397 0 -485 473 0 
18 R 0 -691 417 0 
19 R 0 226 0 127 0 
20 R 0 -2 -656 0 
21 R 0 534 0 -42 0 
22 R 0 40 0 701 0 
23 R 0 212 414 0 
24 R 0 -90 149 326 0 
25 R 0 -237 -278 0 
26 R 0 -341 0 
27 R 0 -357 0 
28 R 0 146 0 
29 R 0 728 -399 0 
30 R 0 -415 0 
31 R 0 387 191 233 588 0 
32 R 0 61 0 

DAY = 10
NUMBER_OF_VEHICLES = 34
1 R 0 87 -20 0 -616 -387 0 -427 0 
2 R 0 510 544 -412 0 344 0 696 0 
3 R 0 486 -735 582 0 112 550 0 525 0 
4 R 0 -623 503 0 -305 0 
5 R 0 -255 0 -246 0 
6 R 0 100 303 -16 0 401 0 
7 R 0 501 0 355 0 
8 R 0 88 0 -5 0 
9 R 0 -63 351 0 -662 187 0 
10 R 0 648 216 0 -660 0 687 0 
11 R 0 574 -352 0 549 385 0 
12 R 0 -465 64 220 0 -226 -110 0 
13 R 0 174 0 -130 0 
14 R 0 164 0 488 0 
15 R 0 -622 0 -601 0 
16 R 0 -113 0 -114 199 438 0 
17 R 0 441 286 -615 -692 0 630 0 
18 R 0 572 -552 0 684 0 
19 R 0 -161 -557 0 -265 0 -327 0 
20 R 0 337 0 
21 R 0 -259 0 
22 R 0 -274 0 -404 0 
23 R 0 365 0 349 51 531 0 
24 R 0 -79 268 144 447 0 424 329 0 
25 R 0 147 0 186 0 
26 R 0 532 215 -484 -393 0 407 0 
27 R 0 151 0 -558 0 
28 R 0 -739 0 -454 0 
29 R 0 -701 0 -619 -659 0 
30 R 0 514 0 
31 R 0 420 0 
32 R 0 446 0 
33 R 0 211 0 
34 R 0 -628 0 

DAY = 11
NUMBER_OF_VEHICLES = 34
1 R 0 535 675 416 -574 288 0 476 0 
2 R 0 -311 -201 132 0 184 53 26 0 188 0 676 -87 0 
3 R 0 -286 -531 -432 0 -365 0 
4 R 0 -167 746 0 -590 0 
5 R 0 273 637 102 0 82 0 
6 R 0 -709 0 -93 0 
7 R 0 -174 0 -199 59 0 
8 R 0 589 0 672 0 602 0 
9 R 0 547 745 0 736 0 
10 R 0 608 176 0 333 551 0 
11 R 0 -442 -85 0 -424 -46 0 
12 R 0 -367 443 17 0 -335 0 
13 R 0 362 -372 86 612 0 475 314 -212 -149 0 
14 R 0 74 516 0 81 0 
15 R 0 -646 546 0 
16 R 0 -501 0 -381 0 
17 R 0 -115 0 -630 0 
18 R 0 -581 519 593 0 
19 R 0 -625 513 0 -459 106 0 
20 R 0 -191 -588 0 -344 492 0 
21 R 0 -303 0 
22 R 0 -124 -268 575 0 -144 0 
23 R 0 482 -397 0 254 0 
24 R 0 -426 -351 0 
25 R 0 640 0 
26 R 0 313 512 0 
27 R 0 321 727 0 458 0 
28 R 0 302 529 -473 0 490 0 
29 R 0 -40 0 
30 R 0 -88 0 
31 R 0 571 528 0 
32 R 0 603 0 
33 R 0 -514 0 
34 R 0 320 0 

DAY = 12
NUMBER_OF_VEHICLES = 39
1 R 0 470 -648 0 -53 0 -333 595 0 
2 R 0 -385 0 116 444 -727 -476 0 -554 0 
3 R 0 -676 -187 565 287 0 403 0 -696 -687 0 
4 R 0 -289 0 699 -254 0 -575 0 
5 R 0 14 -188 0 10 -3 0 
6 R 0 -273 -637 248 0 
7 R 0 477 -728 0 -288 245 0 
8 R 0 -210 428 -326 -532 0 -64 -675 0 
9 R 0 -329 731 0 -216 0 
10 R 0 249 0 729 451 0 
11 R 0 725 -301 -220 0 720 -602 0 -525 0 
12 R 0 266 50 133 0 295 0 
13 R 0 -438 -127 0 -441 0 
14 R 0 -580 -313 260 0 -180 0 
15 R 0 573 -147 0 48 0 
16 R 0 236 -544 0 160 0 
17 R 0 -38 0 
18 R 0 360 -74 22 0 -374 0 
19 R 0 156 -398 0 297 270 -355 0 
20 R 0 76 18 -559 0 568 0 
21 R 0 -417 36 453 0 524 0 
22 R 0 386 0 157 0 
23 R 0 -604 0 
24 R 0 -233 -61 0 
25 R 0 -164 0 
26 R 0 -534 134 652 0 
27 R 0 749 -414 0 230 0 
28 R 0 -101 -349 -475 -51 0 
29 R 0 520 0 694 0 
30 R 0 -582 0 
31 R 0 125 -482 0 
32 R 0 -486 0 
33 R 0 641 -629 0 
34 R 0 137 0 
35 R 0 315 0 
36 R 0 -446 -146 0 
37 R 0 -736 0 
38 R 0 -58 0 -684 0 
39 R 0 500 0 423 0 

DAY = 13
NUMBER_OF_VEHICLES = 37
1 R 0 -640 373 276 -100 -134 0 178 145 -266 0 
2 R 0 -551 272 0 148 0 383 4 0 -529 0 350 0 553 0 
3 R 0 435 0 69 0 633 0 92 0 
4 R 0 377 -81 0 57 0 391 0 564 0 316 0 
5 R 0 -503 576 0 
6 R 0 -516 460 155 698 0 440 0 
7 R 0 -50 -401 0 330 0 -59 0 
8 R 0 -112 -550 0 -589 0 
9 R 0 -260 -512 299 0 -420 0 
10 R 0 -572 455 168 0 -447 0 
11 R 0 682 0 706 -488 0 219 0 
12 R 0 -549 -416 0 -362 0 
13 R 0 322 0 -513 0 
14 R 0 -386 -451 0 744 197 0 
15 R 0 -10 -443 -17 0 -608 0 
16 R 0 533 0 408 -470 0 
17 R 0 509 0 371 0 
18 R 0 661 0 209 0 
19 R 0 179 284 0 205 0 
20 R 0 -641 185 0 290 0 
21 R 0 -337 356 0 
22 R 0 505 0 -18 0 
23 R 0 -573 0 -186 194 0 
24 R 0 469 306 -320 0 281 -547 0 
25 R 0 -731 716 96 0 -86 -215 0 
26 R 0 -519 -593 0 
27 R 0 499 434 224 0 141 0 
28 R 0 280 0 690 0 
29 R 0 117 -151 0 234 0 
30 R 0 -302 0 -528 0 
31 R 0 -236 0 
32 R 0 370 0 
33 R 0 189 0 
34 R 0 -568 0 -211 0 
35 R 0 -510 0 
36 R 0 94 0 
37 R 0 -749 0 -407 0 

DAY = 14
NUMBER_OF_VEHICLES = 35
1 R 0 380 642 118 -102 0 
2 R 0 579 -26 0 -535 0 
3 R 0 -458 41 -477 200 0 697 -82 0 -145 -132 0 
4 R 0 154 -295 263 0 597 366 0 
5 R 0 718 -603 -469 634 -490 6 343 0 -92 419 0 
6 R 0 -157 129 376 -230 0 -546 0 
7 R 0 89 -690 -612 19 0 192 -720 -106 0 
8 R 0 -287 -565 -184 0 -14 0 
9 R 0 429 169 526 -492 0 324 0 103 0 
10 R 0 -444 -116 -321 0 -57 0 -315 0 
11 R 0 -176 0 -371 0 -297 0 
12 R 0 361 0 436 -595 0 107 0 
13 R 0 -453 -94 478 -571 285 0 
14 R 0 700 719 -729 0 636 0 723 0 
15 R 0 527 0 
16 R 0 -746 522 0 
17 R 0 54 0 714 678 99 0 
18 R 0 721 -314 0 -745 0 
19 R 0 -499 296 -434 0 128 0 
20 R 0 -22 530 0 -322 0 
21 R 0 -564 0 -672 0 
22 R 0 743 0 71 0 
23 R 0 670 -245 0 -428 0 
24 R 0 -185 136 0 -249 0 
25 R 0 -356 298 0 456 0 
26 R 0 600 231 0 
27 R 0 747 0 
28 R 0 737 -194 0 77 0 
29 R 0 -137 0 
30 R 0 710 0 
31 R 0 142 0 
32 R 0 253 0 143 0 
33 R 0 626 0 
34 R 0 -694 0 
35 R 0 -316 0 

DAY = 15
NUMBER_OF_VEHICLES = 39
1 R 0 31 540 -299 0 247 0 -169 0 
2 R 0 -522 345 0 -133 677 308 -553 0 
3 R 0 -285 208 748 -652 0 543 0 
4 R 0 439 -360 -154 -460 279 0 506 0 
5 R 0 11 -234 0 258 319 562 0 
6 R 0 218 0 -197 0 627 0 
7 R 0 228 0 663 0 
8 R 0 -699 392 -107 0 8 -41 0 
9 R 0 282 -455 0 150 -156 0 
10 R 0 -370 0 -143 0 
11 R 0 395 740 653 0 537 0 
12 R 0 651 431 -231 0 -270 123 0 
13 R 0 406 52 668 0 
14 R 0 569 -248 -276 0 
15 R 0 15 60 0 -509 0 
16 R 0 -520 0 -219 -633 0 
17 R 0 109 0 -117 80 0 
18 R 0 -306 -6 0 471 -391 -725 0 
19 R 0 78 -343 0 598 -281 0 
20 R 0 -76 -4 0 -99 -723 -141 0 -429 0 
21 R 0 584 409 688 0 325 0 
22 R 0 -48 -440 0 -209 0 
23 R 0 -298 -125 0 
24 R 0 -36 0 -524 0 
25 R 0 -403 -205 0 -500 0 
26 R 0 158 -505 0 
27 R 0 666 379 0 
28 R 0 -747 152 695 0 
29 R 0 693 0 511 538 0 
30 R 0 667 0 243 0 
31 R 0 108 -272 0 -743 0 
32 R 0 242 0 -330 0 
33 R 0 -456 0 -160 0 
34 R 0 -168 0 
35 R 0 83 0 
36 R 0 433 0 
37 R 0 594 0 
38 R 0 -142 0 
39 R 0 -423 0 

DAY = 16
NUMBER_OF_VEHICLES = 41
1 R 0 -373 -380 -118 0 -409 -366 0 
2 R 0 67 -228 126 0 -663 0 
3 R 0 -744 -69 0 495 -247 0 -290 0 
4 R 0 613 -406 32 -52 183 -136 0 29 0 
5 R 0 -224 -296 -439 328 -189 0 -148 0 713 0 -697 0 
6 R 0 -178 214 0 741 556 0 275 606 0 
7 R 0 163 0 587 0 
8 R 0 -576 257 0 -435 0 
9 R 0 497 0 541 -737 0 
10 R 0 -208 55 0 -242 0 
11 R 0 -408 0 -670 -179 -284 0 
12 R 0 -109 0 -377 0 -661 0 
13 R 0 -71 0 23 0 
14 R 0 -263 -155 0 430 -350 0 
15 R 0 464 -383 -150 570 -19 0 75 0 
16 R 0 618 649 0 165 0 
17 R 0 66 -682 0 -716 -96 0 
18 R 0 665 104 577 -636 0 131 0 620 0 
19 R 0 175 -8 -60 269 378 -200 0 
20 R 0 -158 30 0 -324 105 0 
21 R 0 62 292 0 -103 0 
22 R 0 252 -634 0 
23 R 0 -78 689 0 -282 0 
24 R 0 -530 0 -376 -533 0 
25 R 0 631 0 449 -562 457 262 0 
26 R 0 251 -721 734 0 
27 R 0 -128 312 0 -279 0 
28 R 0 -748 0 -258 0 
29 R 0 493 0 317 0 
30 R 0 -710 0 
31 R 0 -594 0 
32 R 0 448 726 0 
33 R 0 -54 294 0 
34 R 0 -478 0 -280 0 
35 R 0 563 0 
36 R 0 -218 0 -253 0 
37 R 0 654 0 638 0 
38 R 0 422 -740 0 
39 R 0 -653 0 
40 R 0 413 -698 504 0 
41 R 0 -706 0 

DAY = 17
NUMBER_OF_VEHICLES = 41
1 R 0 481 635 -361 -30 0 542 -129 0 
2 R 0 -419 -31 -540 166 0 -556 0 -537 0 
3 R 0 -597 -584 605 0 750 -29 0 264 0 139 0 
4 R 0 -126 0 -464 0 567 0 
5 R 0 173 0 515 -11 -319 644 0 585 0 
6 R 0 -642 715 0 502 0 
7 R 0 -80 674 0 -714 -678 0 -579 0 
8 R 0 190 -192 724 0 405 120 0 348 0 
9 R 0 -526 0 1 -598 0 673 -75 0 
10 R 0 548 0 658 0 396 0 498 0 
11 R 0 508 0 240 -378 -269 0 402 0 
12 R 0 -627 0 -243 0 -587 0 -620 0 
13 R 0 204 13 0 400 -77 0 639 0 
14 R 0 271 37 0 
15 R 0 -493 0 -471 -312 0 
16 R 0 221 267 0 545 592 0 
17 R 0 607 -436 0 -668 0 
18 R 0 -538 0 -422 0 
19 R 0 304 611 0 
20 R 0 227 196 0 
21 R 0 -600 -613 0 
22 R 0 111 0 
23 R 0 -569 0 
24 R 0 -695 -726 0 
25 R 0 -527 0 
26 R 0 -165 0 
27 R 0 -257 98 0 
28 R 0 536 679 -504 0 
29 R 0 -328 135 358 0 
30 R 0 -89 722 0 -718 0 
31 R 0 -654 0 
32 R 0 681 -395 -719 0 
33 R 0 -700 0 609 293 0 
34 R 0 521 0 
35 R 0 33 0 
36 R 0 -15 0 
37 R 0 -689 0 -626 0 
38 R 0 250 0 97 0 
39 R 0 -163 0 
40 R 0 -693 0 
41 R 0 680 0 

DAY = 18
NUMBER_OF_VEHICLES = 29
1 R 0 181 655 -715 0 
2 R 0 35 586 0 -609 617 368 0 239 0 
3 R 0 -123 -131 -618 0 318 0 -677 0 
4 R 0 -173 0 -644 -457 -592 614 0 
5 R 0 686 -495 0 222 0 
6 R 0 480 624 578 0 -108 119 0 
7 R 0 217 632 0 
8 R 0 -251 342 703 517 0 91 0 
9 R 0 643 -62 -292 0 -511 -430 0 -506 0 
10 R 0 232 479 474 -497 0 72 0 
11 R 0 -345 -448 -152 0 
12 R 0 310 467 0 354 0 9 202 0 
13 R 0 -83 309 0 -688 388 49 -543 353 0 
14 R 0 657 -724 -392 0 44 -405 0 
15 R 0 -713 -308 0 -651 -431 0 
16 R 0 -250 647 0 -585 0 
17 R 0 -666 -379 -606 0 
18 R 0 389 599 0 
19 R 0 -508 0 -252 0 
20 R 0 -563 0 
21 R 0 -183 491 0 
22 R 0 -111 0 
23 R 0 523 0 
24 R 0 566 0 
25 R 0 704 0 
26 R 0 711 0 
27 R 0 -631 0 -667 0 
28 R 0 -325 0 
29 R 0 -433 0 

DAY = 19
NUMBER_OF_VEHICLES = 29
1 R 0 -548 0 -655 0 -214 -502 0 
2 R 0 -67 489 -657 0 -577 -23 0 -104 0 
3 R 0 -704 0 
4 R 0 -275 -294 0 
5 R 0 -354 28 -105 0 -617 -368 0 -750 0 
6 R 0 -91 -541 -570 0 -388 -190 0 
7 R 0 -711 -673 -674 0 -734 -517 -449 -262 0 
8 R 0 -536 -413 0 
9 R 0 -638 -135 0 -649 0 
10 R 0 -607 -567 300 0 -679 0 
11 R 0 -119 -202 0 -632 0 
12 R 0 332 -658 0 359 -32 0 
13 R 0 -317 -348 0 -578 0 
14 R 0 -741 -204 705 0 -491 0 
15 R 0 -1 -586 -267 -66 0 -309 0 
16 R 0 421 0 487 -665 0 
17 R 0 -55 -342 0 
18 R 0 -304 -611 0 
19 R 0 -196 0 177 -49 0 
20 R 0 45 -681 338 0 
21 R 0 -120 -293 331 0 -680 0 
22 R 0 -635 0 
23 R 0 -33 0 
24 R 0 -175 0 
25 R 0 -97 0 
26 R 0 -521 0 
27 R 0 -240 0 
28 R 0 140 0 
29 R 0 -479 0 

DAY = 20
NUMBER_OF_VEHICLES = 17
1 R 0 -13 -705 0 -166 0 -139 0 -515 0 -605 0 
2 R 0 -489 -264 0 -331 -639 0 -222 0 -300 0 
3 R 0 -467 -310 -481 0 
4 R 0 -98 -181 -474 0 -9 -239 -72 0 
5 R 0 -643 0 -686 0 -353 0 
6 R 0 -396 0 -487 0 -332 0 
7 R 0 -177 0 -271 -37 0 
8 R 0 -389 -566 -599 0 
9 R 0 -227 -523 -45 -338 0 
10 R 0 -359 -140 -232 0 -402 0 
11 R 0 -318 -400 0 -28 -44 0 
12 R 0 -614 -542 0 -624 -722 -480 0 
13 R 0 -35 -221 0 -647 0 
14 R 0 -217 -358 0 
15 R 0 -421 0 -545 0 
16 R 0 -703 0 
17 R 0 -498 0 

