DATASET = Randomly generated instance set (z0z0z9cz9cz0z0z2z5z1zkz1z34zazaz1z3z4s8zt9gz1zaz0zaz1zaz0zv8zyzyzyzyzyzwz)
NAME = Randomly generated instance (1250)

DAY = 1
NUMBER_OF_VEHICLES = 3
1 R 0 17 0 
2 R 0 146 0 
3 R 0 297 0 

DAY = 2
NUMBER_OF_VEHICLES = 10
1 R 0 2 0 11 0 
2 R 0 -17 0 
3 R 0 38 0 142 0 
4 R 0 42 0 
5 R 0 52 0 137 0 
6 R 0 126 0 
7 R 0 136 0 
8 R 0 140 0 209 0 
9 R 0 165 0 
10 R 0 272 0 275 0 

DAY = 3
NUMBER_OF_VEHICLES = 10
1 R 0 -2 0 -136 0 
2 R 0 24 0 132 0 
3 R 0 69 0 214 0 
4 R 0 100 0 156 0 
5 R 0 112 0 268 0 
6 R 0 113 0 
7 R 0 164 0 
8 R 0 222 0 
9 R 0 256 0 
10 R 0 276 0 

DAY = 4
NUMBER_OF_VEHICLES = 15
1 R 0 21 0 70 0 118 0 263 0 
2 R 0 25 0 204 0 
3 R 0 76 0 122 0 
4 R 0 96 0 155 0 197 0 
5 R 0 -100 0 -164 0 
6 R 0 -113 0 
7 R 0 131 0 138 0 
8 R 0 -140 0 188 0 -268 0 
9 R 0 -146 0 
10 R 0 -165 0 
11 R 0 168 0 253 0 
12 R 0 175 0 223 0 
13 R 0 200 0 
14 R 0 244 0 260 0 
15 R 0 270 0 -297 0 

DAY = 5
NUMBER_OF_VEHICLES = 25
1 R 0 1 0 10 0 106 0 119 0 
2 R 0 -11 0 -76 0 -263 0 
3 R 0 18 0 
4 R 0 -38 0 -142 0 
5 R 0 -42 0 
6 R 0 45 0 161 0 
7 R 0 48 0 84 0 192 0 
8 R 0 -52 0 -137 0 
9 R 0 -69 0 -132 0 -275 0 
10 R 0 88 0 101 0 287 0 
11 R 0 97 0 129 0 
12 R 0 108 0 205 0 
13 R 0 -126 0 
14 R 0 147 0 221 0 
15 R 0 162 0 178 0 
16 R 0 -175 0 -209 0 
17 R 0 177 0 252 0 
18 R 0 182 0 247 0 
19 R 0 208 0 
20 R 0 210 0 
21 R 0 220 0 
22 R 0 -223 0 
23 R 0 254 0 -256 0 
24 R 0 -272 0 283 0 
25 R 0 294 0 

DAY = 6
NUMBER_OF_VEHICLES = 34
1 R 0 9 0 -21 0 186 0 
2 R 0 13 0 23 0 47 0 195 0 
3 R 0 -18 0 
4 R 0 20 0 66 0 81 0 199 0 
5 R 0 -24 0 -96 0 -118 0 
6 R 0 -25 0 -204 0 
7 R 0 30 0 72 0 213 0 
8 R 0 35 0 55 0 202 0 
9 R 0 49 0 -155 0 
10 R 0 51 0 59 0 
11 R 0 54 0 152 0 
12 R 0 -70 0 -129 0 
13 R 0 79 0 206 0 
14 R 0 86 0 266 0 
15 R 0 -112 0 295 0 
16 R 0 -122 0 280 0 
17 R 0 130 0 159 0 
18 R 0 -138 0 -156 0 
19 R 0 157 0 190 0 
20 R 0 -168 0 
21 R 0 -177 0 
22 R 0 194 0 228 0 
23 R 0 198 0 243 0 
24 R 0 -200 0 
25 R 0 -210 0 
26 R 0 -214 0 -247 0 
27 R 0 218 0 231 0 292 0 
28 R 0 -222 0 
29 R 0 225 0 
30 R 0 240 0 
31 R 0 -254 0 
32 R 0 267 0 
33 R 0 -276 0 
34 R 0 -294 0 

DAY = 7
NUMBER_OF_VEHICLES = 40
1 R 0 6 0 58 0 71 0 94 0 187 0 258 0 
2 R 0 8 0 63 0 104 0 
3 R 0 12 0 46 0 
4 R 0 28 0 50 0 
5 R 0 31 0 43 0 107 0 153 0 
6 R 0 32 0 60 0 
7 R 0 -35 0 74 0 128 0 171 0 
8 R 0 36 0 120 0 203 0 226 0 
9 R 0 -49 0 -131 0 196 0 
10 R 0 61 0 64 0 273 0 
11 R 0 -66 0 -101 0 -192 0 -287 0 
12 R 0 77 0 217 0 229 0 
13 R 0 78 0 92 0 166 0 219 0 
14 R 0 85 0 98 0 114 0 227 0 
15 R 0 -88 0 216 0 279 0 
16 R 0 110 0 255 0 289 0 
17 R 0 117 0 230 0 
18 R 0 135 0 -253 0 
19 R 0 139 0 241 0 
20 R 0 143 0 150 0 
21 R 0 144 0 259 0 
22 R 0 -147 0 -244 0 
23 R 0 -152 0 -197 0 
24 R 0 158 0 
25 R 0 160 0 189 0 
26 R 0 173 0 293 0 299 0 
27 R 0 174 0 
28 R 0 181 0 277 0 
29 R 0 -188 0 193 0 
30 R 0 201 0 
31 R 0 207 0 -283 0 
32 R 0 -225 0 
33 R 0 238 0 -260 0 
34 R 0 -240 0 
35 R 0 246 0 -270 0 
36 R 0 248 0 262 0 
37 R 0 250 0 
38 R 0 271 0 296 0 
39 R 0 278 0 
40 R 0 282 0 

DAY = 8
NUMBER_OF_VEHICLES = 51
1 R 0 -1 0 -10 0 -28 0 
2 R 0 5 0 103 0 269 0 
3 R 0 7 0 27 0 125 0 
4 R 0 -13 0 -23 0 -59 0 
5 R 0 14 0 15 0 265 0 
6 R 0 -20 0 34 0 170 0 
7 R 0 29 0 33 0 
8 R 0 -30 0 -61 0 -186 0 
9 R 0 37 0 40 0 180 0 
10 R 0 41 0 -48 0 
11 R 0 -45 0 67 0 99 0 184 0 
12 R 0 53 0 73 0 
13 R 0 -54 0 -74 0 -221 0 
14 R 0 56 0 
15 R 0 -60 0 -157 0 
16 R 0 62 0 75 0 87 0 
17 R 0 65 0 105 0 
18 R 0 68 0 176 0 
19 R 0 82 0 -92 0 
20 R 0 83 0 93 0 
21 R 0 -84 0 -97 0 
22 R 0 89 0 134 0 
23 R 0 -106 0 -108 0 -119 0 -166 0 
24 R 0 111 0 154 0 
25 R 0 -117 0 -252 0 
26 R 0 121 0 145 0 237 0 286 0 
27 R 0 133 0 149 0 
28 R 0 -135 0 242 0 
29 R 0 148 0 151 0 
30 R 0 -150 0 -228 0 
31 R 0 -160 0 -161 0 
32 R 0 -162 0 -178 0 
33 R 0 163 0 167 0 
34 R 0 169 0 288 0 
35 R 0 179 0 233 0 274 0 
36 R 0 -182 0 
37 R 0 183 0 -205 0 
38 R 0 191 0 -216 0 
39 R 0 -207 0 234 0 
40 R 0 -208 0 
41 R 0 212 0 
42 R 0 -220 0 
43 R 0 -231 0 -267 0 
44 R 0 236 0 
45 R 0 -243 0 -280 0 
46 R 0 251 0 
47 R 0 -277 0 
48 R 0 -278 0 
49 R 0 281 0 298 0 
50 R 0 284 0 
51 R 0 300 0 

DAY = 9
NUMBER_OF_VEHICLES = 43
1 R 0 3 0 4 0 109 0 172 0 
2 R 0 -5 0 -43 0 -81 0 -103 0 264 0 
3 R 0 -8 0 -47 0 -94 0 -187 0 
4 R 0 -9 0 22 0 
5 R 0 16 0 -99 0 -184 0 
6 R 0 19 0 124 0 
7 R 0 26 0 39 0 
8 R 0 -27 0 -37 0 -195 0 
9 R 0 -31 0 -83 0 
10 R 0 -32 0 -55 0 -145 0 
11 R 0 -33 0 -51 0 
12 R 0 -36 0 -104 0 -203 0 
13 R 0 44 0 -107 0 
14 R 0 -56 0 -196 0 
15 R 0 57 0 -154 0 
16 R 0 -68 0 -72 0 
17 R 0 -79 0 185 0 
18 R 0 80 0 245 0 
19 R 0 -82 0 91 0 -202 0 
20 R 0 -86 0 -176 0 -213 0 
21 R 0 -89 0 -219 0 
22 R 0 90 0 115 0 
23 R 0 -93 0 116 0 
24 R 0 95 0 285 0 
25 R 0 102 0 -199 0 
26 R 0 -110 0 
27 R 0 -111 0 -206 0 
28 R 0 123 0 127 0 
29 R 0 -130 0 -159 0 -180 0 
30 R 0 141 0 224 0 
31 R 0 -163 0 -190 0 
32 R 0 -179 0 -266 0 
33 R 0 -194 0 211 0 
34 R 0 -198 0 -234 0 
35 R 0 -201 0 -288 0 
36 R 0 215 0 232 0 
37 R 0 -218 0 -292 0 
38 R 0 235 0 239 0 
39 R 0 -248 0 -262 0 
40 R 0 249 0 261 0 
41 R 0 -251 0 
42 R 0 257 0 291 0 
43 R 0 290 0 -295 0 

DAY = 10
NUMBER_OF_VEHICLES = 51
1 R 0 -3 0 -4 0 -67 0 -109 0 
2 R 0 -6 0 -15 0 -71 0 -172 0 -258 0 
3 R 0 -7 0 -12 0 -85 0 -171 0 
4 R 0 -14 0 -58 0 -265 0 
5 R 0 -16 0 -63 0 -264 0 
6 R 0 -19 0 -75 0 -211 0 -273 0 
7 R 0 -22 0 -34 0 
8 R 0 -26 0 -29 0 
9 R 0 -39 0 -40 0 
10 R 0 -41 0 -46 0 
11 R 0 -44 0 -120 0 -226 0 
12 R 0 -50 0 -78 0 -279 0 
13 R 0 -53 0 -73 0 
14 R 0 -57 0 -87 0 
15 R 0 -62 0 -64 0 
16 R 0 -65 0 -105 0 
17 R 0 -77 0 -153 0 -217 0 
18 R 0 -80 0 -114 0 -125 0 
19 R 0 -90 0 -91 0 -128 0 
20 R 0 -95 0 -143 0 -227 0 
21 R 0 -98 0 -115 0 
22 R 0 -102 0 -170 0 
23 R 0 -116 0 -121 0 -293 0 
24 R 0 -123 0 -124 0 -289 0 
25 R 0 -127 0 -134 0 -215 0 
26 R 0 -133 0 -141 0 
27 R 0 -139 0 -149 0 
28 R 0 -144 0 -167 0 
29 R 0 -148 0 -151 0 
30 R 0 -158 0 -229 0 
31 R 0 -169 0 -189 0 -237 0 
32 R 0 -173 0 -232 0 
33 R 0 -174 0 -233 0 -255 0 
34 R 0 -181 0 -185 0 
35 R 0 -183 0 -193 0 
36 R 0 -191 0 -230 0 -269 0 
37 R 0 -212 0 -224 0 
38 R 0 -235 0 -236 0 -274 0 
39 R 0 -238 0 -242 0 -299 0 
40 R 0 -239 0 -241 0 
41 R 0 -245 0 -250 0 
42 R 0 -246 0 -257 0 
43 R 0 -249 0 -261 0 
44 R 0 -259 0 -282 0 
45 R 0 -271 0 -285 0 
46 R 0 -281 0 -286 0 
47 R 0 -284 0 
48 R 0 -290 0 
49 R 0 -291 0 
50 R 0 -296 0 -298 0 
51 R 0 -300 0 

