DATASET = Randomly generated instance set (z0z0z4mz4mz0z0z2z5z1zkz1z34z5z5z1z3z4s8zt9gz1zaz0zaz1zaz0zv8zyzyzyzyzyzwz)
NAME = Randomly generated instance (2967)

DAY = 1
NUMBER_OF_VEHICLES = 8
1 R 0 23 14 0 49 0 
2 R 0 101 0 2 0 
3 R 0 21 0 19 135 0 
4 R 0 17 0 117 0 
5 R 0 123 22 0 71 0 
6 R 0 43 78 0 
7 R 0 93 0 
8 R 0 121 0 

DAY = 2
NUMBER_OF_VEHICLES = 21
1 R 0 82 108 0 20 57 0 65 0 124 0 
2 R 0 29 0 50 0 
3 R 0 110 0 122 0 76 0 87 119 0 
4 R 0 143 61 -14 9 0 90 0 129 0 
5 R 0 107 0 142 0 31 0 127 0 
6 R 0 141 0 75 34 0 
7 R 0 59 133 0 7 0 
8 R 0 139 0 16 0 40 120 0 91 0 
9 R 0 35 52 0 95 0 
10 R 0 102 148 0 96 0 77 0 28 0 
11 R 0 147 0 72 111 0 
12 R 0 64 70 0 112 0 
13 R 0 46 0 85 0 126 0 
14 R 0 145 0 69 0 
15 R 0 27 44 0 131 0 
16 R 0 92 0 115 0 62 0 
17 R 0 51 0 130 0 
18 R 0 125 0 
19 R 0 8 0 
20 R 0 36 1 0 
21 R 0 97 0 

DAY = 3
NUMBER_OF_VEHICLES = 18
1 R 0 -17 83 0 -117 116 0 -147 0 
2 R 0 -91 0 106 -75 0 5 0 
3 R 0 -71 0 -119 0 105 -64 0 100 0 
4 R 0 54 0 81 73 0 74 0 24 0 
5 R 0 80 0 113 0 114 0 
6 R 0 37 0 109 0 144 0 26 0 
7 R 0 10 0 55 0 47 0 136 0 
8 R 0 -77 6 0 
9 R 0 132 0 
10 R 0 12 140 0 
11 R 0 -145 66 0 -122 0 -123 0 
12 R 0 -8 0 -76 68 146 0 
13 R 0 -70 0 13 0 
14 R 0 104 0 86 0 58 0 
15 R 0 3 128 0 84 88 0 
16 R 0 137 0 
17 R 0 -21 0 
18 R 0 32 0 

DAY = 4
NUMBER_OF_VEHICLES = 26
1 R 0 118 0 -23 0 
2 R 0 -95 0 -57 0 -31 0 
3 R 0 60 0 63 0 39 0 
4 R 0 -133 41 -141 0 -106 30 0 
5 R 0 18 0 89 0 
6 R 0 -88 0 -69 0 
7 R 0 -93 0 98 -26 0 -24 0 
8 R 0 -148 -51 0 -36 -137 0 -101 0 
9 R 0 -125 0 -142 0 -132 0 -6 0 
10 R 0 -49 0 67 0 
11 R 0 45 0 79 0 56 0 
12 R 0 94 0 4 38 0 138 0 
13 R 0 33 0 -140 0 
14 R 0 11 0 -100 -19 0 
15 R 0 -2 0 -5 0 
16 R 0 -65 0 150 0 -135 0 
17 R 0 -121 0 -12 0 -43 0 
18 R 0 99 0 -35 0 
19 R 0 48 0 134 0 
20 R 0 53 0 
21 R 0 -78 -129 0 
22 R 0 25 0 103 0 
23 R 0 149 0 15 0 
24 R 0 -131 -22 0 -62 0 
25 R 0 42 0 
26 R 0 -3 0 

DAY = 5
NUMBER_OF_VEHICLES = 30
1 R 0 -118 0 -4 -126 0 
2 R 0 -82 -7 0 -11 0 -136 0 -55 0 
3 R 0 -10 0 -20 0 
4 R 0 -27 -44 0 -16 0 
5 R 0 -116 0 -150 -107 0 -105 0 
6 R 0 -146 -68 0 -112 0 -66 0 
7 R 0 -72 -111 0 -83 0 -74 -28 0 -143 -61 -9 0 
8 R 0 -1 0 -89 -54 0 
9 R 0 -63 0 -102 0 -39 0 
10 R 0 -99 0 -87 0 -108 0 -46 0 
11 R 0 -48 0 -29 0 
12 R 0 -41 -59 0 -109 0 
13 R 0 -110 0 -79 0 -103 0 
14 R 0 -18 0 -30 0 
15 R 0 -50 0 -144 0 -81 -73 0 
16 R 0 -98 -96 0 -84 0 -53 0 
17 R 0 -114 0 -80 0 -90 0 -40 -120 0 
18 R 0 -127 -38 0 -94 0 -25 0 
19 R 0 -45 0 -56 0 -138 0 
20 R 0 -67 0 -115 0 -58 0 
21 R 0 -113 0 -128 -52 0 
22 R 0 -92 0 -37 0 
23 R 0 -60 0 -47 0 
24 R 0 -42 0 -32 -124 0 
25 R 0 -13 -33 0 -139 0 
26 R 0 -85 0 -104 0 
27 R 0 -130 0 -86 0 
28 R 0 -97 0 
29 R 0 -34 -149 0 -134 0 
30 R 0 -15 0 

