DATASET = Randomly generated instance set (z0z0z4mz4mz0z0z2z5z1zkz1z34z5z5z1z3z4s8zt9gz1zaz0zaz1zaz0zv8zyzyzyzyzyzwz)
NAME = Randomly generated instance (4296)

DAY = 1
NUMBER_OF_VEHICLES = 7
1 R 0 80 87 0 109 0 21 0 
2 R 0 135 56 75 47 0 
3 R 0 62 0 
4 R 0 57 0 40 0 
5 R 0 51 0 63 0 
6 R 0 120 72 0 
7 R 0 134 0 

DAY = 2
NUMBER_OF_VEHICLES = 18
1 R 0 14 -56 25 84 0 7 0 105 0 36 0 
2 R 0 -63 70 0 -40 0 
3 R 0 85 0 3 0 129 0 
4 R 0 99 55 52 0 59 0 77 0 5 0 
5 R 0 31 0 4 0 103 58 0 34 0 
6 R 0 43 0 18 15 0 
7 R 0 71 48 17 0 19 79 0 98 0 121 0 
8 R 0 60 0 16 0 124 0 
9 R 0 125 113 0 32 0 
10 R 0 20 0 133 0 67 147 0 
11 R 0 82 65 111 0 81 0 
12 R 0 73 116 150 114 11 0 145 0 
13 R 0 13 0 112 0 8 0 
14 R 0 136 94 0 107 0 
15 R 0 1 0 115 0 92 90 0 
16 R 0 22 44 0 143 0 
17 R 0 118 10 0 110 6 0 
18 R 0 122 0 

DAY = 3
NUMBER_OF_VEHICLES = 16
1 R 0 -59 68 49 66 149 0 41 0 78 39 0 
2 R 0 26 0 127 0 
3 R 0 -36 -81 128 64 0 53 0 2 0 139 0 
4 R 0 50 0 146 0 69 102 0 -52 0 
5 R 0 -125 27 0 
6 R 0 -110 -6 12 0 -87 0 
7 R 0 -85 95 0 -21 0 
8 R 0 -115 0 
9 R 0 144 24 -109 0 
10 R 0 28 0 101 0 86 0 138 0 
11 R 0 126 -103 61 0 74 0 119 35 0 
12 R 0 42 0 93 0 
13 R 0 37 23 0 45 89 0 
14 R 0 123 -135 -20 0 83 -80 0 
15 R 0 46 0 
16 R 0 97 0 

DAY = 4
NUMBER_OF_VEHICLES = 17
1 R 0 -57 0 -47 0 -2 0 
2 R 0 91 -89 141 0 -75 -7 0 131 0 
3 R 0 -79 0 -68 0 
4 R 0 38 0 106 0 
5 R 0 54 137 -126 0 140 0 100 -11 0 
6 R 0 -138 0 -97 0 -18 0 
7 R 0 -72 -92 -23 0 142 0 -78 108 0 
8 R 0 -134 0 -4 0 
9 R 0 30 0 148 117 0 88 0 
10 R 0 76 -121 0 96 0 
11 R 0 -51 0 
12 R 0 -62 0 -42 0 
13 R 0 -43 104 0 
14 R 0 -143 132 0 9 0 
15 R 0 33 -24 29 0 130 0 
16 R 0 -71 -50 0 
17 R 0 -120 0 

DAY = 5
NUMBER_OF_VEHICLES = 24
1 R 0 -38 -67 -147 0 -105 -19 0 -45 0 -84 -102 0 
2 R 0 -26 -70 0 -41 -25 0 -106 0 
3 R 0 -140 0 -60 -15 0 -139 0 -54 0 
4 R 0 -49 -94 0 -3 -131 0 
5 R 0 -48 0 -101 0 -77 -93 0 
6 R 0 -27 0 -141 -64 -69 0 -128 0 
7 R 0 -91 -14 0 -150 0 -13 0 
8 R 0 -137 -99 0 -118 -10 0 -83 0 
9 R 0 -28 0 -55 -5 0 -98 0 -12 -114 0 
10 R 0 -111 -65 -100 0 -9 0 -39 0 
11 R 0 -148 -117 0 -30 0 -46 0 
12 R 0 -132 -149 -66 -136 0 -144 -33 0 -108 0 
13 R 0 -113 0 -31 0 -133 0 
14 R 0 -37 0 -116 0 
15 R 0 -130 -90 0 -104 0 -58 0 
16 R 0 -8 -122 0 -17 0 -96 -123 0 
17 R 0 -74 0 -1 0 -53 0 -61 0 -16 0 
18 R 0 -86 0 -76 -32 0 -73 0 
19 R 0 -129 0 -88 0 -82 0 
20 R 0 -95 0 -34 -146 0 -112 0 
21 R 0 -119 -35 0 -22 0 -142 0 
22 R 0 -44 -145 0 -124 0 
23 R 0 -127 -29 0 
24 R 0 -107 0 

