DATASET = Randomly generated instance set (z7q0z7q0z34z34z34z34z2z5z1zkz1z34zazaz1z7z0zv8z1zaz0zuz1zaz0zv8zyzyzyzyzyzwz)
NAME = Randomly generated instance (2111)

DAY = 1
NUMBER_OF_VEHICLES = 9
1 R 0 12 0 
2 R 0 28 0 
3 R 0 29 0 
4 R 0 37 0 
5 R 0 38 0 
6 R 0 39 0 
7 R 0 62 0 
8 R 0 72 0 
9 R 0 89 0 

DAY = 2
NUMBER_OF_VEHICLES = 6
1 R 0 2 0 
2 R 0 32 0 
3 R 0 57 0 
4 R 0 64 0 
5 R 0 67 0 
6 R 0 99 0 

DAY = 3
NUMBER_OF_VEHICLES = 22
1 R 0 1 0 
2 R 0 3 0 
3 R 0 4 0 
4 R 0 5 0 
5 R 0 8 0 
6 R 0 21 0 
7 R 0 27 0 
8 R 0 40 0 
9 R 0 42 0 
10 R 0 43 0 
11 R 0 47 0 
12 R 0 50 0 
13 R 0 54 0 
14 R 0 58 0 
15 R 0 61 0 
16 R 0 63 0 
17 R 0 69 0 
18 R 0 71 0 
19 R 0 74 0 
20 R 0 84 0 
21 R 0 95 0 
22 R 0 98 0 

DAY = 4
NUMBER_OF_VEHICLES = 14
1 R 0 -5 0 
2 R 0 6 0 
3 R 0 7 0 
4 R 0 -8 0 
5 R 0 16 0 
6 R 0 22 0 
7 R 0 41 0 
8 R 0 49 0 
9 R 0 68 0 
10 R 0 73 0 
11 R 0 75 0 
12 R 0 81 0 
13 R 0 94 0 
14 R 0 97 0 

DAY = 5
NUMBER_OF_VEHICLES = 23
1 R 0 -1 0 
2 R 0 -2 0 
3 R 0 -6 0 
4 R 0 -7 0 
5 R 0 9 0 
6 R 0 10 0 
7 R 0 13 0 
8 R 0 14 0 
9 R 0 19 0 
10 R 0 23 0 
11 R 0 -29 0 
12 R 0 36 0 
13 R 0 45 0 
14 R 0 59 0 
15 R 0 66 0 
16 R 0 70 0 
17 R 0 -71 0 
18 R 0 78 0 
19 R 0 -81 0 
20 R 0 85 0 
21 R 0 88 0 
22 R 0 91 0 
23 R 0 92 0 

DAY = 6
NUMBER_OF_VEHICLES = 20
1 R 0 -4 0 
2 R 0 -10 0 
3 R 0 11 0 
4 R 0 18 0 
5 R 0 -19 0 
6 R 0 20 0 
7 R 0 24 0 
8 R 0 -28 0 
9 R 0 -36 0 
10 R 0 44 0 
11 R 0 46 0 
12 R 0 48 0 
13 R 0 55 0 
14 R 0 -59 0 
15 R 0 -64 0 
16 R 0 80 0 
17 R 0 -84 0 
18 R 0 90 0 
19 R 0 96 0 
20 R 0 100 0 

DAY = 7
NUMBER_OF_VEHICLES = 22
1 R 0 17 0 
2 R 0 -20 0 
3 R 0 -21 0 
4 R 0 30 0 
5 R 0 31 0 
6 R 0 -38 0 
7 R 0 -39 0 
8 R 0 -55 0 
9 R 0 56 0 
10 R 0 60 0 
11 R 0 -63 0 
12 R 0 65 0 
13 R 0 -73 0 
14 R 0 76 0 
15 R 0 -78 0 
16 R 0 79 0 
17 R 0 82 0 
18 R 0 86 0 
19 R 0 87 0 
20 R 0 -88 0 
21 R 0 93 0 
22 R 0 -96 0 

DAY = 8
NUMBER_OF_VEHICLES = 22
1 R 0 -12 0 
2 R 0 -14 0 
3 R 0 25 0 
4 R 0 26 0 
5 R 0 -30 0 
6 R 0 33 0 
7 R 0 34 0 
8 R 0 -37 0 
9 R 0 -41 0 
10 R 0 -43 0 
11 R 0 -44 0 
12 R 0 -49 0 
13 R 0 51 0 
14 R 0 53 0 
15 R 0 -62 0 
16 R 0 -72 0 
17 R 0 -76 0 
18 R 0 77 0 
19 R 0 83 0 
20 R 0 -86 0 
21 R 0 -89 0 
22 R 0 -90 0 

DAY = 9
NUMBER_OF_VEHICLES = 20
1 R 0 -3 0 
2 R 0 -11 0 
3 R 0 15 0 
4 R 0 -25 0 
5 R 0 -32 0 
6 R 0 -33 0 
7 R 0 35 0 
8 R 0 -42 0 
9 R 0 -45 0 
10 R 0 -46 0 
11 R 0 52 0 
12 R 0 -57 0 
13 R 0 -67 0 
14 R 0 -68 0 
15 R 0 -79 0 
16 R 0 -80 0 
17 R 0 -91 0 
18 R 0 -92 0 
19 R 0 -94 0 
20 R 0 -99 0 

DAY = 10
NUMBER_OF_VEHICLES = 42
1 R 0 -9 0 
2 R 0 -13 0 
3 R 0 -15 0 
4 R 0 -16 0 
5 R 0 -17 0 
6 R 0 -18 0 
7 R 0 -22 0 
8 R 0 -23 0 
9 R 0 -24 0 
10 R 0 -26 0 
11 R 0 -27 0 
12 R 0 -31 0 
13 R 0 -34 0 
14 R 0 -35 0 
15 R 0 -40 0 
16 R 0 -47 0 
17 R 0 -48 0 
18 R 0 -50 0 
19 R 0 -51 0 
20 R 0 -52 0 
21 R 0 -53 0 
22 R 0 -54 0 
23 R 0 -56 0 
24 R 0 -58 0 
25 R 0 -60 0 
26 R 0 -61 0 
27 R 0 -65 0 
28 R 0 -66 0 
29 R 0 -69 0 
30 R 0 -70 0 
31 R 0 -74 0 
32 R 0 -75 0 
33 R 0 -77 0 
34 R 0 -82 0 
35 R 0 -83 0 
36 R 0 -85 0 
37 R 0 -87 0 
38 R 0 -93 0 
39 R 0 -95 0 
40 R 0 -97 0 
41 R 0 -98 0 
42 R 0 -100 0 

