DATASET = Randomly generated instance set (z0z0z9cz9cz0z0z2z5z1zkz1z34zazaz1z3z4s8zt9gz1zaz0zaz1zaz0zv8zyzyzyzyzyzwz)
NAME = Randomly generated instance (846)

DAY = 1
NUMBER_OF_VEHICLES = 2
1 R 0 244 0 206 0 
2 R 0 213 0 

DAY = 2
NUMBER_OF_VEHICLES = 5
1 R 0 200 0 122 0 104 0 
2 R 0 294 0 272 0 44 0 
3 R 0 170 0 47 0 
4 R 0 180 0 
5 R 0 223 0 

DAY = 3
NUMBER_OF_VEHICLES = 12
1 R 0 -104 0 -223 0 -170 0 
2 R 0 -213 0 
3 R 0 98 0 287 0 10 0 86 0 
4 R 0 51 0 236 0 
5 R 0 16 0 169 0 
6 R 0 96 -294 145 0 300 0 
7 R 0 189 0 31 0 
8 R 0 196 0 108 0 
9 R 0 4 0 97 0 
10 R 0 40 0 148 0 
11 R 0 138 0 
12 R 0 8 0 

DAY = 4
NUMBER_OF_VEHICLES = 13
1 R 0 152 0 198 0 121 0 
2 R 0 68 0 117 0 224 0 186 0 
3 R 0 -244 0 -44 103 0 -206 0 
4 R 0 30 0 235 0 154 0 191 0 
5 R 0 -169 0 -122 0 
6 R 0 18 -196 0 141 0 242 0 
7 R 0 -272 3 0 -148 0 
8 R 0 288 0 261 0 83 0 
9 R 0 289 0 20 0 
10 R 0 1 0 184 0 74 0 
11 R 0 127 0 283 0 
12 R 0 298 0 134 0 
13 R 0 120 0 

DAY = 5
NUMBER_OF_VEHICLES = 16
1 R 0 11 0 263 0 249 0 33 0 
2 R 0 -18 199 0 -16 0 
3 R 0 129 0 12 0 187 0 
4 R 0 245 0 215 0 70 0 185 0 
5 R 0 -300 0 -261 0 -138 0 
6 R 0 119 0 182 -47 0 6 0 241 0 
7 R 0 -242 0 -74 0 -184 0 -31 0 
8 R 0 -8 0 -1 0 
9 R 0 135 0 105 0 251 0 45 0 
10 R 0 107 0 140 0 208 0 38 0 
11 R 0 -180 0 -10 0 -83 0 
12 R 0 17 0 130 0 
13 R 0 291 0 
14 R 0 -200 0 
15 R 0 -96 0 
16 R 0 89 0 

DAY = 6
NUMBER_OF_VEHICLES = 23
1 R 0 90 -235 0 229 0 15 0 173 0 
2 R 0 -68 0 -140 0 -98 258 0 
3 R 0 -198 0 -134 55 0 -251 0 -4 0 
4 R 0 216 0 231 -89 0 176 0 35 0 66 0 
5 R 0 -152 0 -189 0 
6 R 0 -20 0 -30 0 -186 0 -185 0 
7 R 0 286 0 139 0 212 0 126 0 159 0 
8 R 0 150 0 276 0 94 0 293 0 
9 R 0 211 0 277 0 34 0 
10 R 0 26 0 63 0 
11 R 0 -236 0 -245 0 
12 R 0 56 0 221 0 142 0 
13 R 0 133 0 248 0 49 0 
14 R 0 -289 0 -145 0 
15 R 0 -119 234 0 -6 84 0 -108 0 
16 R 0 210 0 82 0 137 0 
17 R 0 254 0 106 0 
18 R 0 -298 0 -97 0 
19 R 0 -130 0 -86 0 -51 0 
20 R 0 -40 0 
21 R 0 110 0 102 0 
22 R 0 230 0 50 0 
23 R 0 57 -287 0 

DAY = 7
NUMBER_OF_VEHICLES = 29
1 R 0 259 0 73 0 250 -288 0 93 -33 188 0 128 -208 0 118 0 218 0 
2 R 0 144 0 285 0 194 0 257 0 
3 R 0 43 0 269 0 92 0 75 0 53 0 
4 R 0 -121 174 0 -137 99 0 -129 0 -45 0 -94 0 
5 R 0 -191 0 -3 0 -154 0 -120 0 -103 0 -249 0 
6 R 0 -263 0 -50 0 -102 0 
7 R 0 156 0 95 -12 0 271 0 
8 R 0 256 0 292 0 80 0 109 0 
9 R 0 151 0 239 0 161 0 157 0 
10 R 0 27 0 225 0 
11 R 0 284 0 114 0 153 0 166 0 237 0 
12 R 0 -105 0 -276 2 0 -141 0 
13 R 0 193 0 214 0 64 -127 0 59 0 
14 R 0 190 0 79 -11 183 0 123 0 
15 R 0 32 0 39 0 21 0 
16 R 0 -150 0 -241 0 
17 R 0 297 0 279 0 
18 R 0 280 -291 0 65 0 
19 R 0 265 0 175 0 29 0 
20 R 0 -224 0 -38 0 -283 0 
21 R 0 273 0 147 0 
22 R 0 -117 0 
23 R 0 22 0 270 0 
24 R 0 13 -248 0 76 0 
25 R 0 58 0 227 0 
26 R 0 260 -277 0 28 0 
27 R 0 67 0 181 0 
28 R 0 69 0 274 0 
29 R 0 24 0 171 0 

DAY = 8
NUMBER_OF_VEHICLES = 29
1 R 0 -259 115 -15 0 -176 262 0 -215 0 
2 R 0 111 0 222 -260 0 268 0 205 0 
3 R 0 240 0 101 -210 54 0 48 0 78 0 177 0 
4 R 0 -56 0 -269 0 -239 0 -182 0 -157 0 
5 R 0 -26 278 0 -286 72 0 -212 0 
6 R 0 167 0 204 0 81 0 290 0 
7 R 0 179 0 282 -174 0 255 0 299 -257 0 7 0 
8 R 0 -17 0 -128 0 -107 0 -256 0 -109 296 0 
9 R 0 160 0 60 0 36 0 61 0 
10 R 0 116 0 87 0 238 0 
11 R 0 77 0 14 0 246 0 
12 R 0 -231 0 -110 0 
13 R 0 232 0 267 0 
14 R 0 -187 0 -32 0 -21 0 -159 91 0 
15 R 0 158 0 88 0 
16 R 0 162 0 178 0 9 0 
17 R 0 220 0 202 0 
18 R 0 -225 0 -95 0 
19 R 0 52 0 168 0 
20 R 0 -151 0 -76 0 
21 R 0 -199 0 
22 R 0 -114 0 -80 0 -153 0 
23 R 0 243 0 195 0 23 -135 0 
24 R 0 217 0 252 0 
25 R 0 146 0 112 0 
26 R 0 149 0 228 0 
27 R 0 85 0 275 0 
28 R 0 -214 0 -70 0 
29 R 0 37 0 46 0 

DAY = 9
NUMBER_OF_VEHICLES = 30
1 R 0 295 0 226 0 71 -195 0 172 0 
2 R 0 163 -60 253 0 197 0 132 -205 0 113 0 233 0 281 0 136 0 
3 R 0 125 -82 0 192 0 41 0 
4 R 0 -183 264 0 -258 25 0 -93 0 -123 0 
5 R 0 -22 0 -85 0 -49 164 0 -299 0 -48 0 
6 R 0 -232 0 -222 0 -188 0 -229 0 -118 0 
7 R 0 -29 0 -7 0 -238 0 -179 0 -126 0 -293 0 
8 R 0 -14 0 -160 0 -246 0 
9 R 0 -167 0 -173 0 -90 0 -254 0 
10 R 0 207 0 143 0 165 0 247 0 131 0 
11 R 0 -250 0 -57 0 -168 0 -218 42 -237 0 
12 R 0 -221 0 -133 0 -243 0 -53 0 
13 R 0 -23 0 -101 0 
14 R 0 -34 0 -106 0 -166 0 -35 0 -66 0 
15 R 0 -63 0 -275 0 
16 R 0 -190 0 -111 0 -252 0 -216 0 
17 R 0 209 0 124 0 
18 R 0 -146 0 -211 0 -230 219 0 
19 R 0 -142 0 -46 0 -171 0 
20 R 0 -175 0 -181 0 
21 R 0 -234 0 -2 0 
22 R 0 100 0 201 0 
23 R 0 -55 0 -149 0 
24 R 0 -178 62 0 -297 0 
25 R 0 203 0 155 0 266 0 
26 R 0 -265 0 -139 0 
27 R 0 -204 0 -162 0 
28 R 0 5 0 19 0 
29 R 0 -77 0 
30 R 0 -84 0 -280 0 

DAY = 10
NUMBER_OF_VEHICLES = 33
1 R 0 -192 0 -43 0 -177 0 -144 0 
2 R 0 -194 0 -116 0 -161 0 -240 0 -226 0 
3 R 0 -290 0 -79 0 -115 0 -197 0 -42 0 
4 R 0 -264 0 -266 0 -165 0 -193 0 -281 0 
5 R 0 -36 0 -163 0 -9 0 -296 0 -233 0 -219 0 
6 R 0 -27 0 -278 0 
7 R 0 -25 0 -220 0 -253 0 -143 0 -131 0 
8 R 0 -125 0 -271 0 -92 0 -75 0 
9 R 0 -279 0 -262 0 -113 0 
10 R 0 -19 0 -172 0 -156 0 -164 0 -78 0 
11 R 0 -255 0 -99 0 -209 0 -91 0 
12 R 0 -64 0 -202 0 -207 0 -136 0 
13 R 0 -295 0 -285 0 -282 0 
14 R 0 -39 0 -13 0 
15 R 0 -158 0 -267 0 -61 0 
16 R 0 -65 0 -71 0 
17 R 0 -81 0 -292 0 
18 R 0 -132 0 -59 0 -73 0 
19 R 0 -62 0 -268 0 -112 0 
20 R 0 -72 0 -87 0 
21 R 0 -247 0 -52 0 
22 R 0 -100 0 -273 0 
23 R 0 -67 0 -54 0 
24 R 0 -88 0 -147 0 
25 R 0 -28 0 -284 0 
26 R 0 -217 0 -203 0 
27 R 0 -124 0 -228 0 
28 R 0 -270 0 -37 0 
29 R 0 -41 0 -24 0 
30 R 0 -155 0 -274 0 
31 R 0 -5 0 
32 R 0 -58 0 -227 0 
33 R 0 -69 0 -201 0 

