DATASET = Randomly generated instance set (z0z0zfkzfkz0z0z2z5z1zkz1z34zfzfz1z3z4s8zt9gz1zaz0zaz1zaz0zv8zyzyzyzyzyzwz)
NAME = Randomly generated instance (2643)

DAY = 1
NUMBER_OF_VEHICLES = 3
1 R 0 112 0 223 0 
2 R 0 181 0 381 0 
3 R 0 413 0 

DAY = 2
NUMBER_OF_VEHICLES = 3
1 R 0 104 0 
2 R 0 179 0 
3 R 0 414 0 

DAY = 3
NUMBER_OF_VEHICLES = 7
1 R 0 82 0 155 0 216 0 296 0 384 0 
2 R 0 -104 0 -181 0 -381 0 
3 R 0 -179 0 -223 0 
4 R 0 187 0 248 0 437 0 
5 R 0 268 0 355 0 489 0 
6 R 0 300 0 
7 R 0 478 0 498 0 

DAY = 4
NUMBER_OF_VEHICLES = 9
1 R 0 20 0 219 0 410 0 
2 R 0 47 0 124 0 308 0 417 0 464 0 
3 R 0 -112 0 -414 0 
4 R 0 190 0 -268 0 -413 0 
5 R 0 262 0 
6 R 0 -300 0 
7 R 0 356 0 
8 R 0 450 0 465 0 
9 R 0 480 0 

DAY = 5
NUMBER_OF_VEHICLES = 12
1 R 0 42 0 115 0 137 0 164 0 204 0 432 0 
2 R 0 -82 0 -384 0 408 0 -464 0 
3 R 0 -124 0 154 0 215 0 264 0 283 0 
4 R 0 136 0 191 0 273 0 
5 R 0 186 0 221 0 265 0 
6 R 0 235 0 342 0 373 0 
7 R 0 329 0 339 0 396 0 
8 R 0 -356 0 -478 0 
9 R 0 361 0 467 0 
10 R 0 442 0 
11 R 0 -450 0 -465 0 
12 R 0 -480 0 

DAY = 6
NUMBER_OF_VEHICLES = 16
1 R 0 -20 0 150 0 -186 0 -215 0 -264 0 -296 0 
2 R 0 22 0 63 0 119 0 139 0 147 0 231 0 
3 R 0 -47 0 54 0 99 0 276 0 
4 R 0 95 0 129 0 142 0 226 0 
5 R 0 -136 0 -155 0 -216 0 -308 0 
6 R 0 170 0 218 0 238 0 311 0 
7 R 0 -187 0 -219 0 251 0 
8 R 0 244 0 -248 0 
9 R 0 319 0 -329 0 365 0 -417 0 
10 R 0 -355 0 -361 0 -498 0 
11 R 0 -373 0 390 0 
12 R 0 418 0 
13 R 0 -437 0 
14 R 0 441 0 447 0 
15 R 0 463 0 
16 R 0 -489 0 

DAY = 7
NUMBER_OF_VEHICLES = 22
1 R 0 2 0 24 0 183 0 
2 R 0 9 0 41 0 103 0 141 0 
3 R 0 39 0 -42 0 -139 0 -150 0 -204 0 
4 R 0 45 0 90 0 232 0 322 0 
5 R 0 -54 0 -95 0 -99 0 -142 0 -432 0 
6 R 0 97 0 121 0 
7 R 0 125 0 130 0 151 0 
8 R 0 -129 0 146 0 178 0 
9 R 0 149 0 166 0 192 0 
10 R 0 -154 0 169 0 -226 0 -283 0 434 0 
11 R 0 -190 0 208 0 -396 0 
12 R 0 229 0 -273 0 358 0 428 0 
13 R 0 -262 0 -319 0 
14 R 0 -265 0 338 0 404 0 
15 R 0 291 0 378 0 
16 R 0 325 0 326 0 382 0 
17 R 0 354 0 -365 0 
18 R 0 -410 0 -441 0 -447 0 
19 R 0 -418 0 421 0 
20 R 0 427 0 
21 R 0 429 0 443 0 
22 R 0 -463 0 

DAY = 8
NUMBER_OF_VEHICLES = 24
1 R 0 18 0 48 0 85 0 96 0 
2 R 0 29 0 83 0 102 0 272 0 280 0 393 0 
3 R 0 33 0 118 0 -130 0 -137 0 -164 0 -183 0 -276 0 
4 R 0 73 0 93 0 321 0 
5 R 0 -90 0 131 0 -338 0 
6 R 0 -115 0 -191 0 -221 0 
7 R 0 128 0 138 0 -192 0 279 0 
8 R 0 143 0 195 0 387 0 426 0 
9 R 0 -149 0 -354 0 -408 0 
10 R 0 180 0 193 0 336 0 484 0 
11 R 0 199 0 -251 0 
12 R 0 -231 0 -244 0 -311 0 
13 R 0 -235 0 -342 0 
14 R 0 241 0 260 0 305 0 
15 R 0 259 0 282 0 -339 0 
16 R 0 295 0 323 0 
17 R 0 345 0 415 0 
18 R 0 367 0 419 0 
19 R 0 -421 0 449 0 
20 R 0 431 0 469 0 
21 R 0 -442 0 
22 R 0 -467 0 
23 R 0 487 0 
24 R 0 492 0 

DAY = 9
NUMBER_OF_VEHICLES = 26
1 R 0 -18 0 31 0 46 0 -85 0 -103 0 
2 R 0 -22 0 -33 0 -63 0 67 0 117 0 
3 R 0 25 0 -41 0 -96 0 -131 0 
4 R 0 65 0 66 0 100 0 110 0 163 0 430 0 
5 R 0 72 0 86 0 113 0 -147 0 
6 R 0 -93 0 -119 0 -146 0 -434 0 
7 R 0 -102 0 -121 0 -280 0 -427 0 
8 R 0 107 0 172 0 242 0 267 0 
9 R 0 158 0 184 0 -218 0 
10 R 0 -166 0 288 0 451 0 
11 R 0 -170 0 -238 0 -291 0 352 0 
12 R 0 196 0 234 0 436 0 
13 R 0 233 0 328 0 350 0 
14 R 0 253 0 275 0 290 0 395 0 
15 R 0 -259 0 -279 0 -358 0 402 0 
16 R 0 274 0 303 0 366 0 438 0 486 0 
17 R 0 292 0 312 0 448 0 
18 R 0 -323 0 340 0 
19 R 0 324 0 344 0 
20 R 0 351 0 374 0 
21 R 0 368 0 411 0 458 0 490 0 
22 R 0 -378 0 -390 0 
23 R 0 -404 0 406 0 446 0 
24 R 0 405 0 
25 R 0 -431 0 -469 0 -487 0 
26 R 0 475 0 476 0 

DAY = 10
NUMBER_OF_VEHICLES = 37
1 R 0 -2 0 12 0 55 0 -484 0 
2 R 0 5 0 7 0 49 0 144 0 347 0 
3 R 0 6 0 15 0 61 0 79 0 211 0 
4 R 0 -9 0 -73 0 122 0 135 0 
5 R 0 -24 0 27 0 64 0 
6 R 0 -39 0 40 0 -65 0 177 0 
7 R 0 -45 0 -66 0 -97 0 -272 0 
8 R 0 52 0 71 0 228 0 
9 R 0 -72 0 -86 0 -125 0 
10 R 0 80 0 101 0 165 0 188 0 230 0 
11 R 0 81 0 -141 0 247 0 286 0 
12 R 0 84 0 87 0 
13 R 0 98 0 108 0 203 0 
14 R 0 105 0 109 0 261 0 
15 R 0 -128 0 -151 0 -169 0 -490 0 
16 R 0 -143 0 -178 0 -232 0 -322 0 -426 0 
17 R 0 -158 0 -184 0 200 0 
18 R 0 167 0 -196 0 314 0 -436 0 
19 R 0 -180 0 -199 0 
20 R 0 -208 0 -229 0 -351 0 
21 R 0 239 0 252 0 
22 R 0 -241 0 -260 0 -393 0 
23 R 0 257 0 278 0 327 0 
24 R 0 281 0 309 0 371 0 
25 R 0 -292 0 335 0 
26 R 0 294 0 348 0 461 0 
27 R 0 -325 0 -326 0 346 0 -367 0 
28 R 0 337 0 375 0 
29 R 0 341 0 360 0 
30 R 0 -368 0 -382 0 -428 0 -438 0 
31 R 0 -395 0 439 0 -449 0 
32 R 0 401 0 -429 0 
33 R 0 440 0 454 0 
34 R 0 -443 0 -475 0 
35 R 0 471 0 472 0 
36 R 0 485 0 
37 R 0 491 0 494 0 

DAY = 11
NUMBER_OF_VEHICLES = 36
1 R 0 3 0 8 0 17 0 -79 0 
2 R 0 11 0 16 0 -31 0 60 0 333 0 
3 R 0 13 0 28 0 -46 0 225 0 
4 R 0 -29 0 -67 0 -83 0 -117 0 -290 0 -387 0 -430 0 
5 R 0 30 0 35 0 43 0 185 0 197 0 287 0 318 0 370 0 
6 R 0 38 0 -52 0 214 0 
7 R 0 -48 0 75 0 -203 0 -228 0 
8 R 0 51 0 156 0 240 0 
9 R 0 59 0 62 0 123 0 198 0 473 0 
10 R 0 68 0 88 0 206 0 
11 R 0 -81 0 -118 0 -193 0 
12 R 0 -107 0 -108 0 -321 0 
13 R 0 -138 0 159 0 209 0 -242 0 
14 R 0 194 0 212 0 277 0 
15 R 0 -195 0 270 0 -305 0 
16 R 0 -233 0 -288 0 -336 0 
17 R 0 243 0 -295 0 343 0 
18 R 0 245 0 256 0 353 0 
19 R 0 271 0 -314 0 433 0 493 0 
20 R 0 -282 0 -303 0 362 0 -486 0 
21 R 0 298 0 304 0 334 0 383 0 
22 R 0 -309 0 320 0 
23 R 0 317 0 379 0 397 0 
24 R 0 -328 0 -350 0 364 0 -406 0 
25 R 0 -344 0 -345 0 369 0 -461 0 
26 R 0 -360 0 -374 0 
27 R 0 385 0 389 0 420 0 
28 R 0 -402 0 -415 0 460 0 
29 R 0 -419 0 422 0 474 0 477 0 
30 R 0 -440 0 -446 0 479 0 
31 R 0 453 0 459 0 
32 R 0 455 0 457 0 
33 R 0 468 0 482 0 
34 R 0 -471 0 -476 0 
35 R 0 483 0 499 0 
36 R 0 -492 0 

DAY = 12
NUMBER_OF_VEHICLES = 42
1 R 0 1 0 -3 0 -6 0 23 0 37 0 207 0 -243 0 258 0 
2 R 0 4 0 10 0 19 0 76 0 120 0 
3 R 0 -5 0 -7 0 -49 0 -247 0 
4 R 0 -8 0 -15 0 21 0 
5 R 0 14 0 26 0 -113 0 
6 R 0 -17 0 -25 0 -88 0 -185 0 
7 R 0 -40 0 53 0 106 0 -123 0 153 0 331 0 
8 R 0 50 0 92 0 127 0 133 0 -163 0 
9 R 0 -51 0 -100 0 -110 0 
10 R 0 77 0 114 0 222 0 
11 R 0 -109 0 -156 0 -194 0 
12 R 0 132 0 140 0 161 0 456 0 
13 R 0 148 0 157 0 -188 0 
14 R 0 152 0 175 0 254 0 299 0 
15 R 0 -159 0 -167 0 -172 0 -267 0 
16 R 0 168 0 174 0 
17 R 0 173 0 176 0 285 0 376 0 
18 R 0 -198 0 201 0 -327 0 -371 0 
19 R 0 205 0 -270 0 391 0 
20 R 0 -209 0 269 0 -385 0 
21 R 0 224 0 -240 0 -275 0 
22 R 0 -234 0 -253 0 -451 0 
23 R 0 255 0 297 0 315 0 -320 0 
24 R 0 -274 0 -312 0 -366 0 -422 0 
25 R 0 -278 0 -281 0 435 0 
26 R 0 284 0 302 0 316 0 
27 R 0 293 0 -304 0 -348 0 -448 0 
28 R 0 -294 0 -318 0 -340 0 
29 R 0 301 0 332 0 -352 0 377 0 
30 R 0 -324 0 330 0 
31 R 0 349 0 372 0 380 0 
32 R 0 357 0 363 0 386 0 
33 R 0 -375 0 388 0 -460 0 
34 R 0 392 0 394 0 407 0 488 0 
35 R 0 -397 0 -405 0 -411 0 
36 R 0 398 0 400 0 425 0 
37 R 0 403 0 409 0 
38 R 0 416 0 423 0 
39 R 0 424 0 -439 0 -493 0 
40 R 0 452 0 -458 0 497 0 
41 R 0 -454 0 -459 0 
42 R 0 470 0 -494 0 

DAY = 13
NUMBER_OF_VEHICLES = 33
1 R 0 -4 0 -12 0 -21 0 -43 0 -55 0 -144 0 
2 R 0 -16 0 -27 0 -64 0 
3 R 0 34 0 -38 0 56 0 -75 0 -347 0 
4 R 0 36 0 57 0 69 0 111 0 249 0 263 0 
5 R 0 44 0 -60 0 91 0 
6 R 0 -59 0 -62 0 -122 0 -135 0 -225 0 -473 0 
7 R 0 -61 0 -71 0 -101 0 -211 0 -370 0 
8 R 0 70 0 94 0 -127 0 171 0 -177 0 210 0 
9 R 0 78 0 134 0 189 0 237 0 
10 R 0 -80 0 -105 0 -132 0 -165 0 
11 R 0 -84 0 -87 0 
12 R 0 -98 0 116 0 -230 0 
13 R 0 -140 0 145 0 246 0 
14 R 0 -174 0 -200 0 -286 0 
15 R 0 202 0 -206 0 289 0 
16 R 0 217 0 220 0 266 0 399 0 
17 R 0 227 0 236 0 -331 0 495 0 
18 R 0 -239 0 -252 0 -277 0 
19 R 0 250 0 -261 0 -334 0 
20 R 0 -257 0 -335 0 -349 0 
21 R 0 -285 0 -337 0 -400 0 
22 R 0 306 0 -346 0 412 0 
23 R 0 307 0 359 0 
24 R 0 -341 0 -362 0 -433 0 
25 R 0 -357 0 -379 0 -416 0 -482 0 
26 R 0 -394 0 -401 0 
27 R 0 -398 0 -420 0 -483 0 
28 R 0 -423 0 445 0 
29 R 0 -425 0 -452 0 
30 R 0 -457 0 -472 0 
31 R 0 481 0 496 0 
32 R 0 -485 0 
33 R 0 -491 0 

DAY = 14
NUMBER_OF_VEHICLES = 28
1 R 0 -1 0 -10 0 -13 0 -19 0 -28 0 -37 0 
2 R 0 -11 0 -14 0 32 0 -91 0 -237 0 
3 R 0 -26 0 -35 0 162 0 -287 0 
4 R 0 -30 0 -50 0 -111 0 -189 0 -353 0 
5 R 0 58 0 74 0 182 0 -383 0 
6 R 0 -68 0 -134 0 -173 0 -214 0 -293 0 -456 0 
7 R 0 89 0 126 0 160 0 
8 R 0 -116 0 -148 0 -171 0 -258 0 -266 0 
9 R 0 -157 0 -168 0 -210 0 
10 R 0 -176 0 -201 0 -222 0 
11 R 0 -197 0 -205 0 -245 0 
12 R 0 -212 0 213 0 -332 0 
13 R 0 -246 0 -254 0 -269 0 
14 R 0 -249 0 -256 0 -298 0 
15 R 0 -255 0 -271 0 -315 0 
16 R 0 -263 0 -302 0 -316 0 
17 R 0 -289 0 -307 0 -330 0 
18 R 0 310 0 313 0 -364 0 
19 R 0 -317 0 -386 0 -468 0 
20 R 0 -333 0 -343 0 -376 0 -453 0 
21 R 0 -369 0 -388 0 -392 0 
22 R 0 -389 0 -474 0 -499 0 
23 R 0 -399 0 444 0 -479 0 
24 R 0 -403 0 -445 0 
25 R 0 -455 0 
26 R 0 462 0 466 0 500 0 
27 R 0 -477 0 -496 0 
28 R 0 -495 0 

DAY = 15
NUMBER_OF_VEHICLES = 20
1 R 0 -23 0 -32 0 -44 0 -94 0 
2 R 0 -34 0 -53 0 -57 0 -69 0 -76 0 -106 0 -120 0 
3 R 0 -36 0 -58 0 -74 0 -92 0 -153 0 -299 0 -391 0 
4 R 0 -56 0 -70 0 -89 0 -207 0 -220 0 
5 R 0 -77 0 -114 0 -236 0 
6 R 0 -78 0 -126 0 -306 0 
7 R 0 -133 0 -152 0 -162 0 
8 R 0 -145 0 -160 0 -182 0 
9 R 0 -161 0 -175 0 -284 0 
10 R 0 -202 0 -213 0 -297 0 
11 R 0 -217 0 -224 0 -466 0 
12 R 0 -227 0 -250 0 
13 R 0 -301 0 -310 0 -359 0 -377 0 
14 R 0 -313 0 -372 0 
15 R 0 -363 0 -409 0 -497 0 
16 R 0 -380 0 -407 0 -435 0 
17 R 0 -412 0 -424 0 -470 0 
18 R 0 -444 0 -462 0 
19 R 0 -481 0 -500 0 
20 R 0 -488 0 

