DATASET = Randomly generated instance set (z7q0z7q0z34z34z34z34z2z5z1zkz1z34zazaz1z7z0zv8z1zaz0zuz1zaz0zv8zyzyzyzyzyzwz)
NAME = Randomly generated instance (2111)

DAYS = 10
CAPACITY = 50
MAX_TRIP_DISTANCE = 433
DEPOT_COORDINATE = 0

VEHICLE_COST = 464
VEHICLE_DAY_COST = 554
DISTANCE_COST = 748

TOOLS = 4
1	2	132	433
2	16	48	433
3	13	46	433
4	11	63	433

COORDINATES = 101
0	46	62
1	100	27
2	35	61
3	36	71
4	6	94
5	76	68
6	93	51
7	21	54
8	81	62
9	67	49
10	67	9
11	45	97
12	93	20
13	0	59
14	99	3
15	100	35
16	68	36
17	44	48
18	13	14
19	76	55
20	17	5
21	24	93
22	2	24
23	68	80
24	46	5
25	72	96
26	3	43
27	80	16
28	69	3
29	73	62
30	93	41
31	100	1
32	53	55
33	41	36
34	11	3
35	59	15
36	45	47
37	41	24
38	7	45
39	90	97
40	54	88
41	1	52
42	68	76
43	30	29
44	1	29
45	52	28
46	86	70
47	1	40
48	19	21
49	88	19
50	75	46
51	34	28
52	50	87
53	14	87
54	81	68
55	1	28
56	1	57
57	81	92
58	52	90
59	26	86
60	85	62
61	62	70
62	51	25
63	21	22
64	1	6
65	91	49
66	14	41
67	42	13
68	80	17
69	41	99
70	77	85
71	17	49
72	36	47
73	18	75
74	17	6
75	15	93
76	84	47
77	92	73
78	52	20
79	38	50
80	62	86
81	15	22
82	8	45
83	15	14
84	79	72
85	78	88
86	12	11
87	52	100
88	16	47
89	50	85
90	88	25
91	67	44
92	31	19
93	40	38
94	90	71
95	37	41
96	76	100
97	87	75
98	32	65
99	1	96
100	81	81

REQUESTS = 100
1	26	1	3	2	4	3
2	61	1	2	3	3	3
3	79	1	3	6	2	2
4	52	3	3	3	3	2
5	1	3	3	1	4	4
6	21	4	4	1	2	3
7	60	3	4	1	2	3
8	88	3	3	1	2	3
9	92	4	5	5	4	3
10	2	3	5	1	1	10
11	14	1	6	3	1	9
12	31	1	1	7	3	1
13	13	3	5	5	2	3
14	43	5	5	3	2	2
15	9	1	9	1	4	2
16	20	1	4	6	1	2
17	70	4	7	3	4	4
18	12	1	6	4	2	1
19	53	4	5	1	4	4
20	73	2	6	1	2	2
21	29	2	3	4	4	1
22	37	4	4	6	3	1
23	85	5	5	5	1	10
24	34	1	6	4	4	1
25	33	3	8	1	3	1
26	83	5	8	2	4	4
27	42	1	3	7	4	3
28	56	1	1	5	2	1
29	96	1	1	4	3	1
30	84	1	7	1	1	8
31	78	6	7	3	2	3
32	17	1	2	7	2	3
33	100	1	8	1	4	2
34	93	2	8	2	2	2
35	76	2	9	1	3	3
36	45	5	5	1	1	5
37	5	1	1	7	2	1
38	54	1	1	6	4	4
39	69	1	1	6	1	2
40	15	1	3	7	1	3
41	91	1	4	4	4	1
42	4	2	3	6	4	1
43	62	2	3	5	3	3
44	50	3	6	2	4	2
45	47	3	5	4	1	8
46	97	3	6	3	1	2
47	32	1	3	7	3	2
48	74	1	6	4	1	5
49	71	3	4	4	4	4
50	98	2	3	7	2	1
51	27	4	8	2	3	1
52	82	1	9	1	2	3
53	87	1	8	2	3	1
54	77	2	3	7	3	1
55	10	3	6	1	1	1
56	58	6	7	3	4	3
57	39	1	2	7	1	8
58	11	1	3	7	3	3
59	94	5	5	1	4	4
60	55	1	7	3	3	3
61	66	3	3	7	2	3
62	16	1	1	7	3	1
63	57	1	3	4	3	2
64	48	2	2	4	1	4
65	6	1	7	3	3	1
66	8	1	5	5	3	3
67	72	1	2	7	3	3
68	65	3	4	5	2	2
69	24	1	3	7	4	1
70	19	1	5	5	1	6
71	95	2	3	2	1	9
72	68	1	1	7	3	1
73	30	3	4	3	3	3
74	81	1	3	7	2	2
75	36	3	4	6	1	8
76	38	2	7	1	4	1
77	86	7	8	2	1	1
78	49	1	5	2	2	2
79	90	4	7	2	4	4
80	3	5	6	3	2	1
81	22	2	4	1	2	3
82	59	4	7	3	2	3
83	64	1	8	2	4	2
84	28	1	3	3	4	2
85	80	1	5	5	1	5
86	63	4	7	1	2	1
87	46	6	7	3	4	3
88	18	3	5	2	2	2
89	41	1	1	7	3	1
90	44	5	6	2	2	2
91	35	5	5	4	1	7
92	51	2	5	4	3	2
93	7	1	7	3	4	3
94	75	3	4	5	1	5
95	99	1	3	7	1	8
96	23	4	6	1	4	1
97	89	2	4	6	3	2
98	40	1	3	7	3	1
99	25	1	2	7	1	3
100	67	4	6	4	1	4

