DATASET = Randomly generated instance set (zv8z1ugz1iz1iz34z34z1zaz1zkz1z34z5z5z1z7z0zv8z1zaz0zuz1zaz0zv8zyzyzyzyzyzwz)
NAME = Randomly generated instance (2418)

DAYS = 5
CAPACITY = 41
MAX_TRIP_DISTANCE = 466
DEPOT_COORDINATE = 0

VEHICLE_COST = 220
VEHICLE_DAY_COST = 953
DISTANCE_COST = 537

TOOLS = 1
1	14	73	945

COORDINATES = 51
0	99	47
1	45	47
2	31	15
3	24	50
4	26	32
5	35	50
6	89	19
7	88	10
8	81	49
9	52	44
10	61	41
11	14	67
12	27	56
13	5	12
14	90	23
15	69	2
16	79	23
17	21	50
18	31	7
19	21	29
20	37	8
21	74	82
22	38	62
23	34	100
24	46	28
25	95	10
26	69	94
27	17	57
28	4	30
29	2	53
30	17	35
31	65	25
32	2	90
33	21	90
34	57	70
35	23	89
36	17	46
37	30	78
38	64	51
39	5	81
40	82	28
41	60	57
42	24	40
43	21	31
44	97	54
45	85	25
46	77	2
47	33	43
48	42	40
49	100	63
50	53	38

REQUESTS = 50
1	28	1	4	1	1	1
2	20	1	2	3	1	1
3	14	1	3	1	1	1
4	15	2	3	1	1	1
5	47	1	4	1	1	1
6	7	1	3	1	1	1
7	46	1	1	4	1	2
8	35	2	4	1	1	2
9	3	1	4	1	1	1
10	25	1	1	1	1	1
11	42	2	4	1	1	1
12	8	1	1	4	1	1
13	13	1	4	1	1	1
14	45	1	1	4	1	2
15	9	1	2	2	1	2
16	27	1	3	2	1	2
17	44	1	2	1	1	1
18	18	1	2	3	1	1
19	23	1	3	1	1	2
20	17	1	3	2	1	1
21	22	1	2	3	1	2
22	29	1	1	4	1	1
23	16	1	1	4	1	2
24	43	1	4	1	1	2
25	32	1	2	3	1	1
26	1	2	2	2	1	2
27	2	1	1	4	1	2
28	38	1	2	2	1	1
29	34	1	3	1	1	2
30	41	3	3	2	1	2
31	48	1	1	2	1	2
32	10	1	1	4	1	1
33	12	1	2	3	1	1
34	19	1	1	4	1	2
35	26	1	3	2	1	2
36	40	1	4	1	1	2
37	30	2	2	3	1	2
38	39	1	2	3	1	1
39	36	3	3	1	1	1
40	24	1	2	1	1	2
41	49	1	2	3	1	2
42	50	3	3	2	1	2
43	37	2	2	3	1	1
44	11	1	1	4	1	1
45	6	1	3	1	1	1
46	21	3	3	2	1	1
47	31	1	3	2	1	1
48	5	2	2	3	1	2
49	4	2	2	2	1	2
50	33	1	2	3	1	2

