DATASET = Randomly generated instance set (zv8z1ugz1iz1iz34z34z1zaz1zkz1z34z5z5z1z7z0zv8z1zaz0zuz1zaz0zv8zyzyzyzyzyzwz)
NAME = Randomly generated instance (6516)

DAYS = 5
CAPACITY = 21
MAX_TRIP_DISTANCE = 270
DEPOT_COORDINATE = 0

VEHICLE_COST = 832
VEHICLE_DAY_COST = 631
DISTANCE_COST = 361

TOOLS = 4
1	6	19	390
2	14	14	390
3	2	66	390
4	17	16	390

COORDINATES = 51
0	8	35
1	21	64
2	37	83
3	53	22
4	7	52
5	48	60
6	60	64
7	36	66
8	95	86
9	74	89
10	51	98
11	31	81
12	34	21
13	74	5
14	87	97
15	92	66
16	41	76
17	97	21
18	32	69
19	10	100
20	63	60
21	44	35
22	100	43
23	74	27
24	90	56
25	12	10
26	22	41
27	6	1
28	89	20
29	59	6
30	22	96
31	24	8
32	58	32
33	29	28
34	70	58
35	67	50
36	29	24
37	34	30
38	96	37
39	98	48
40	84	22
41	48	94
42	78	16
43	67	41
44	30	92
45	77	85
46	43	95
47	22	84
48	84	36
49	98	57
50	87	0

REQUESTS = 50
1	21	1	3	1	4	1
2	13	2	3	1	2	1
3	4	1	1	4	3	10
4	23	1	1	4	4	1
5	42	1	2	1	3	4
6	12	1	1	2	1	3
7	22	1	4	1	1	3
8	31	2	3	2	1	2
9	44	1	2	2	4	1
10	19	1	1	3	4	1
11	33	1	1	4	1	1
12	14	1	4	1	4	1
13	48	1	3	2	2	1
14	24	1	2	1	4	1
15	2	1	1	4	4	1
16	27	1	3	1	4	1
17	30	1	1	4	3	2
18	8	2	2	1	3	8
19	20	1	1	3	4	1
20	3	1	2	1	1	2
21	36	1	1	4	2	1
22	41	2	2	3	4	1
23	5	1	2	2	1	1
24	11	2	3	2	4	1
25	18	1	3	1	2	1
26	47	1	1	1	4	1
27	17	1	3	2	4	1
28	25	1	1	4	2	1
29	7	1	1	4	3	10
30	28	1	3	2	2	1
31	29	1	1	4	2	1
32	34	2	4	1	3	3
33	38	1	1	4	2	1
34	37	2	2	3	2	1
35	16	1	3	2	2	1
36	9	1	3	1	4	1
37	39	1	1	4	1	1
38	50	1	1	4	3	9
39	46	1	1	4	1	3
40	35	1	2	3	3	7
41	43	1	1	3	2	1
42	49	1	2	2	4	1
43	45	1	2	2	3	8
44	40	1	3	2	2	1
45	26	1	3	2	1	3
46	1	1	3	2	2	1
47	10	1	1	4	3	1
48	15	1	1	4	2	1
49	32	1	2	3	3	4
50	6	2	2	3	4	1

