DATASET = Randomly generated instance set (z1ugz1ugz1iz1iz34z34z1zaz1zkz1z34zazaz1z7z0zv8z1zaz0zuz1zaz0zv8zyzyzyzyzyzwz)
NAME = Randomly generated instance (967)

DAYS = 10
CAPACITY = 65
MAX_TRIP_DISTANCE = 235
DEPOT_COORDINATE = 0

VEHICLE_COST = 753
VEHICLE_DAY_COST = 935
DISTANCE_COST = 902

TOOLS = 4
1	16	24	880
2	18	25	880
3	2	84	880
4	5	56	880

COORDINATES = 51
0	80	86
1	7	66
2	93	89
3	80	84
4	88	53
5	70	41
6	84	92
7	36	99
8	19	32
9	93	27
10	60	99
11	49	41
12	28	83
13	69	8
14	21	100
15	2	40
16	5	14
17	48	25
18	3	61
19	98	12
20	80	78
21	75	62
22	19	50
23	81	85
24	12	6
25	58	9
26	46	91
27	51	0
28	41	78
29	81	4
30	2	78
31	23	98
32	98	55
33	95	3
34	3	88
35	99	32
36	75	56
37	10	78
38	47	32
39	15	27
40	17	15
41	76	45
42	59	60
43	8	38
44	73	87
45	64	68
46	4	8
47	90	26
48	35	15
49	14	13
50	0	33

REQUESTS = 50
1	18	1	6	2	1	1
2	28	2	3	7	2	2
3	17	1	3	7	1	3
4	41	5	9	1	2	2
5	20	4	4	6	4	3
6	33	3	4	4	4	5
7	27	4	5	4	4	8
8	43	1	1	3	3	4
9	23	1	3	7	4	2
10	11	1	2	7	3	1
11	24	3	4	5	3	10
12	13	2	5	5	2	1
13	48	1	8	2	2	2
14	15	1	5	3	2	2
15	21	1	6	4	3	8
16	50	1	6	3	2	2
17	4	1	6	2	4	6
18	12	1	4	6	3	5
19	38	1	5	4	2	3
20	44	1	6	2	2	1
21	46	4	4	5	3	9
22	2	2	7	1	1	1
23	16	1	5	5	3	9
24	26	1	7	2	3	5
25	10	1	2	7	4	4
26	14	4	6	4	1	3
27	3	5	5	4	4	3
28	25	1	7	3	2	1
29	35	1	6	4	3	5
30	8	2	7	3	1	3
31	30	1	3	7	1	2
32	9	1	3	7	3	1
33	31	2	4	6	3	2
34	29	2	2	7	3	7
35	22	7	7	1	1	4
36	39	2	2	7	1	2
37	7	2	9	1	3	3
38	42	1	4	5	3	3
39	5	1	5	4	4	9
40	6	1	5	5	2	3
41	47	3	6	3	3	6
42	49	1	3	6	4	4
43	32	2	3	7	2	1
44	19	2	6	1	4	3
45	40	1	6	1	4	9
46	45	1	5	3	2	2
47	37	4	9	1	1	3
48	1	3	3	6	2	3
49	34	2	9	1	1	2
50	36	3	4	6	3	6

