DATASET = Randomly generated instance set (z7q0z7q0z34z34z34z34z1zaz1zkz1z34z5z5z1z7z0zv8z1zaz0zuz1zaz0zv8zyzyzyzyzyzwz)
NAME = Randomly generated instance (9653)

DAYS = 5
CAPACITY = 85
MAX_TRIP_DISTANCE = 750
DEPOT_COORDINATE = 0

VEHICLE_COST = 915
VEHICLE_DAY_COST = 727
DISTANCE_COST = 44

TOOLS = 1
1	2	522	714

COORDINATES = 101
0	87	91
1	30	26
2	2	99
3	30	3
4	38	87
5	12	31
6	67	22
7	71	90
8	82	13
9	37	36
10	22	74
11	64	83
12	79	78
13	63	57
14	26	12
15	17	60
16	93	46
17	78	69
18	0	77
19	90	54
20	0	28
21	66	33
22	44	0
23	29	15
24	99	98
25	80	23
26	13	17
27	93	87
28	54	66
29	80	61
30	60	94
31	91	2
32	96	71
33	10	21
34	4	47
35	61	64
36	34	20
37	42	38
38	26	61
39	93	86
40	64	100
41	82	100
42	61	0
43	60	31
44	55	56
45	76	55
46	3	33
47	79	37
48	32	2
49	12	41
50	15	73
51	68	69
52	42	64
53	95	51
54	94	59
55	89	48
56	40	58
57	95	12
58	11	29
59	99	33
60	60	24
61	12	95
62	22	84
63	94	69
64	64	63
65	95	30
66	18	33
67	75	17
68	6	4
69	58	35
70	38	100
71	64	5
72	18	38
73	32	80
74	2	4
75	23	14
76	8	27
77	3	4
78	46	92
79	46	48
80	79	25
81	28	65
82	53	53
83	33	33
84	81	6
85	49	50
86	5	41
87	84	79
88	37	69
89	45	6
90	45	18
91	48	22
92	15	12
93	1	20
94	20	59
95	89	98
96	50	25
97	57	86
98	41	21
99	5	90
100	77	3

REQUESTS = 100
1	1	2	2	2	1	7
2	78	1	1	1	1	1
3	10	1	1	2	1	6
4	47	1	3	1	1	3
5	25	1	1	3	1	8
6	12	1	1	4	1	2
7	81	3	4	1	1	6
8	51	1	2	3	1	9
9	80	1	2	1	1	10
10	20	1	1	4	1	9
11	91	1	1	4	1	7
12	16	1	1	2	1	1
13	76	2	2	2	1	9
14	86	1	2	2	1	3
15	48	2	4	1	1	4
16	23	1	1	4	1	1
17	72	2	2	2	1	7
18	75	1	3	2	1	7
19	94	1	2	3	1	4
20	24	1	1	4	1	4
21	13	1	3	1	1	1
22	26	1	2	3	1	8
23	45	4	4	1	1	3
24	61	2	3	2	1	8
25	87	1	3	1	1	6
26	36	1	3	2	1	2
27	5	1	1	4	1	6
28	2	1	4	1	1	2
29	49	2	3	1	1	9
30	3	1	3	1	1	4
31	42	1	3	1	1	4
32	95	1	1	4	1	4
33	68	1	2	3	1	2
34	62	1	1	4	1	4
35	73	1	4	1	1	8
36	4	1	1	4	1	3
37	6	2	3	2	1	10
38	14	1	3	2	1	9
39	37	2	3	2	1	1
40	28	4	4	1	1	10
41	33	1	4	1	1	3
42	79	1	3	2	1	7
43	15	1	2	2	1	4
44	63	2	4	1	1	1
45	89	1	1	4	1	10
46	57	1	2	3	1	10
47	96	1	2	2	1	3
48	18	1	3	1	1	1
49	77	2	2	3	1	9
50	83	1	3	2	1	5
51	11	2	2	1	1	6
52	93	3	3	2	1	9
53	52	2	3	2	1	10
54	100	1	1	4	1	5
55	74	1	3	2	1	5
56	19	2	2	1	1	10
57	92	1	2	3	1	4
58	41	1	1	3	1	5
59	99	1	4	1	1	9
60	69	1	2	2	1	8
61	53	2	3	1	1	4
62	38	3	3	2	1	6
63	30	1	2	3	1	9
64	35	1	1	4	1	2
65	50	1	2	1	1	8
66	82	1	1	4	1	4
67	29	1	4	1	1	9
68	39	2	2	2	1	3
69	21	2	3	1	1	6
70	66	1	1	4	1	5
71	65	1	1	4	1	10
72	70	1	1	3	1	6
73	34	1	1	2	1	1
74	56	1	1	4	1	1
75	27	1	1	4	1	9
76	59	1	4	1	1	3
77	85	2	3	1	1	8
78	46	1	1	1	1	10
79	22	1	1	1	1	3
80	67	1	3	2	1	2
81	84	1	1	2	1	6
82	32	1	1	4	1	5
83	60	2	2	3	1	1
84	8	1	2	3	1	6
85	31	1	4	1	1	2
86	44	1	4	1	1	3
87	54	1	3	2	1	5
88	9	1	4	1	1	5
89	58	1	1	4	1	3
90	88	1	1	2	1	9
91	17	1	3	2	1	5
92	55	1	3	2	1	4
93	97	2	2	1	1	3
94	43	1	3	1	1	6
95	71	1	2	3	1	7
96	40	3	4	1	1	6
97	7	1	4	1	1	2
98	90	1	3	1	1	2
99	98	1	2	3	1	3
100	64	1	3	2	1	10

