DATASET = Randomly generated instance set (z1ugz1ugz1iz1iz34z34z1zaz1zkz1z34zazaz1z7z0zv8z1zaz0zuz1zaz0zv8zyzyzyzyzyzwz)
NAME = Randomly generated instance (6637)

DAYS = 10
CAPACITY = 99
MAX_TRIP_DISTANCE = 349
DEPOT_COORDINATE = 0

VEHICLE_COST = 116
VEHICLE_DAY_COST = 93
DISTANCE_COST = 825

TOOLS = 2
1	16	113	484
2	20	56	484

COORDINATES = 51
0	54	71
1	45	96
2	77	67
3	53	6
4	93	74
5	55	60
6	2	71
7	9	55
8	100	75
9	67	26
10	9	20
11	27	51
12	20	83
13	79	91
14	67	91
15	70	85
16	64	8
17	88	60
18	48	99
19	44	68
20	92	9
21	16	74
22	75	38
23	17	34
24	12	52
25	87	1
26	88	61
27	10	34
28	91	68
29	72	24
30	82	20
31	24	67
32	2	63
33	58	25
34	47	82
35	21	46
36	72	92
37	96	56
38	78	83
39	37	34
40	61	43
41	96	26
42	35	56
43	60	60
44	94	20
45	42	12
46	87	62
47	93	18
48	16	77
49	41	18
50	59	52

REQUESTS = 50
1	21	1	8	2	1	1
2	50	2	8	1	1	6
3	39	1	5	3	1	6
4	40	1	3	6	1	4
5	48	1	9	1	1	5
6	27	1	3	7	2	1
7	8	2	4	4	1	4
8	25	1	2	3	2	4
9	7	1	7	3	1	6
10	46	2	4	5	1	1
11	24	4	4	5	2	3
12	23	2	9	1	2	4
13	38	1	1	6	1	6
14	44	1	1	1	2	1
15	15	2	2	2	1	5
16	33	1	3	5	1	4
17	20	3	4	6	2	3
18	28	3	5	5	2	4
19	3	3	9	1	1	3
20	22	2	2	6	2	4
21	35	1	4	6	2	3
22	31	1	2	7	2	1
23	29	1	7	3	1	1
24	19	1	2	5	2	3
25	26	2	5	3	2	2
26	13	1	3	2	2	2
27	9	1	3	7	1	5
28	36	2	9	1	1	6
29	11	2	2	5	2	2
30	16	1	6	4	2	1
31	43	1	3	7	2	4
32	5	1	5	4	1	5
33	14	4	7	1	1	5
34	17	2	4	4	1	6
35	47	1	8	1	1	1
36	41	4	6	3	1	2
37	32	1	4	2	1	5
38	6	1	2	7	2	2
39	10	2	5	5	1	6
40	37	1	3	6	1	6
41	42	3	5	5	2	4
42	30	1	2	7	1	1
43	49	4	7	3	2	3
44	1	2	3	5	2	4
45	18	1	2	7	1	3
46	2	5	6	4	1	6
47	34	5	6	4	1	3
48	12	1	8	2	2	2
49	4	7	7	3	2	1
50	45	1	5	3	1	6

