DATASET = Randomly generated instance set (z0z0z9cz9cz0z0z2z5z1zkz1z34zazaz1z3z4s8zt9gz1zaz0zaz1zaz0zv8zyzyzyzyzyzwz)
NAME = Randomly generated instance (1250)

DAYS = 10
CAPACITY = 38
MAX_TRIP_DISTANCE = 19117
DEPOT_COORDINATE = 0

VEHICLE_COST = 100
VEHICLE_DAY_COST = 10000
DISTANCE_COST = 1

TOOLS = 3
1	7	230	10000000
2	16	131	10000000
3	16	153	10000000

COORDINATES = 298
0	3976	3992
1	4396	6145
2	8073	6145
3	8836	6150
4	9011	6155
5	7946	6158
6	9058	6191
7	3615	6225
8	9459	6225
9	8982	6227
10	7650	6229
11	8957	6233
12	7679	6273
13	4320	6284
14	5361	4335
15	8385	6345
16	7641	6381
17	4315	6423
18	7451	6442
19	6084	6495
20	8117	6506
21	4078	6526
22	7480	6561
23	4435	4200
24	5939	8213
25	7504	6604
26	8872	6631
27	6872	7950
28	3748	6694
29	8479	6736
30	7763	6738
31	3850	6782
32	7536	6794
33	8476	6814
34	3389	6834
35	7458	6946
36	8516	6950
37	3365	6959
38	6159	2263
39	8412	6979
40	7259	6981
41	7844	7020
42	4309	7025
43	8754	7035
44	8742	7094
45	8491	7135
46	8732	7139
47	4086	7143
48	8851	7158
49	9083	7196
50	7101	8315
51	4244	7221
52	7546	7228
53	8798	7261
54	4120	7298
55	7667	7301
56	5631	4324
57	7429	7322
58	7826	8336
59	6952	7451
60	7038	7545
61	7253	7573
62	5744	4371
63	3920	7601
64	6553	7623
65	7400	7643
66	6430	7690
67	5340	7733
68	8580	7809
69	6816	7820
70	4142	7822
71	5900	7822
72	6480	7902
73	6875	7921
74	6012	7928
75	6212	7930
76	9879	7932
77	6454	7942
78	5364	7980
79	6271	7981
80	5335	7996
81	8468	7997
82	5920	8003
83	9453	8026
84	5561	8040
85	5448	8042
86	7521	8068
87	7932	8461
88	5683	8100
89	7301	8204
90	6847	8210
91	7444	8221
92	7505	4478
93	6933	8261
94	5913	8272
95	6853	8295
96	9951	8345
97	7666	8357
98	5623	8393
99	7406	8426
100	8461	8465
101	6483	8484
102	4521	4010
103	6332	8568
104	5870	8598
105	8515	8602
106	8515	8643
107	8155	8651
108	4058	4554
109	7048	8720
110	5737	8722
111	5683	8747
112	8020	8806
113	5702	8816
114	6765	8833
115	5568	8909
116	7814	8948
117	8753	8949
118	7795	9012
119	5694	9067
120	7928	9209
121	7926	9267
122	7994	9274
123	8551	9287
124	6690	9322
125	6725	9329
126	8289	9333
127	6389	9338
128	6655	9373
129	6809	9513
130	7017	9519
131	4041	7646
132	7257	9542
133	8597	9547
134	6458	2742
135	7402	9981
136	2864	4820
137	5367	2855
138	8354	4859
139	6936	8870
140	7774	6094
141	8784	4961
142	8455	6102
143	5636	3031
144	7698	9093
145	4676	3104
146	6297	141
147	6959	5144
148	7694	6541
149	8142	5186
150	7657	6145
151	3641	5210
152	6732	770
153	5356	3272
154	7347	9287
155	7111	9300
156	6945	1287
157	6559	1778
158	7910	5409
159	3993	3409
160	1077	1868
161	5718	1925
162	6401	1936
163	5797	3444
164	4246	3454
165	6309	2221
166	4786	2269
167	6418	2339
168	3713	2406
169	6342	2417
170	6742	2421
171	2622	2503
172	4893	2694
173	5831	2850
174	4052	2866
175	709	2873
176	6112	2881
177	485	2932
178	2974	2961
179	3833	2992
180	5870	3035
181	5683	3052
182	5911	3075
183	4899	3142
184	6058	3168
185	6110	3196
186	4832	3215
187	2846	3271
188	4834	3271
189	6530	3335
190	6580	3352
191	6545	3356
192	6537	3394
193	7033	7680
194	3372	3451
195	6381	3486
196	4078	3490
197	3970	3502
198	5445	3507
199	4872	3519
200	6652	3566
201	4265	3584
202	5851	3647
203	5475	3654
204	4007	5730
205	6436	3815
206	4997	3839
207	9839	7873
208	5441	3999
209	4664	4028
210	3448	4039
211	3860	4040
212	8037	4101
213	4193	4125
214	5219	4149
215	6222	4154
216	4390	4218
217	3624	4256
218	8664	4332
219	3293	4335
220	5009	4339
221	2341	4341
222	8637	4568
223	4116	4572
224	8260	4607
225	8561	4658
226	7411	4685
227	4824	4708
228	3863	4728
229	8579	4746
230	5674	4792
231	8129	4798
232	7571	5910
233	7429	4847
234	4762	4854
235	4086	4864
236	4247	4888
237	4044	4904
238	5501	4912
239	8409	4916
240	8467	4921
241	3547	4942
242	5363	4948
243	4110	4953
244	3239	5080
245	4553	5130
246	4031	5151
247	8122	5151
248	8217	5183
249	4273	5194
250	7686	5204
251	5004	4299
252	8752	5227
253	8697	5228
254	8422	5229
255	7611	5240
256	8564	5268
257	3447	5370
258	6987	5391
259	4928	5401
260	7925	5417
261	8690	5474
262	8645	5477
263	7557	5479
264	4328	5486
265	5694	5489
266	7816	5497
267	8165	5510
268	7074	5538
269	7449	5586
270	8057	5589
271	7807	5596
272	7519	5640
273	5143	5671
274	9100	5697
275	7898	5740
276	7291	5746
277	8917	5764
278	9238	5799
279	4081	4083
280	9456	5866
281	9431	5879
282	8970	5890
283	7597	5906
284	8413	5930
285	9480	6004
286	8786	6008
287	6814	7928
288	3434	6012
289	7713	6033
290	7394	6034
291	4148	6065
292	9527	6099
293	9370	6102
294	7993	6116
295	8068	6129
296	9203	6126
297	7437	9132

REQUESTS = 300
1	238	5	5	3	3	2
2	200	2	2	1	3	2
3	72	1	9	1	3	1
4	162	2	9	1	3	2
5	116	1	8	1	1	4
6	39	1	7	3	3	1
7	13	2	8	2	2	2
8	36	1	7	2	3	1
9	158	5	6	3	3	1
10	51	1	5	3	3	2
11	275	2	2	3	3	2
12	284	1	7	3	2	1
13	75	1	6	2	2	2
14	106	1	8	2	3	2
15	180	1	8	2	3	2
16	126	5	9	1	3	1
17	66	1	1	1	3	2
18	121	3	5	1	3	2
19	281	1	9	1	3	2
20	178	5	6	2	1	4
21	184	3	4	2	3	1
22	59	1	9	1	1	3
23	235	1	6	2	2	1
24	100	3	3	3	2	1
25	154	4	4	2	1	4
26	77	1	9	1	2	2
27	15	6	8	1	2	2
28	289	1	7	1	3	2
29	82	3	8	2	2	2
30	74	4	6	2	3	2
31	294	3	7	2	1	5
32	41	4	7	2	2	2
33	98	2	8	1	2	1
34	94	1	8	2	1	1
35	280	3	6	1	2	1
36	90	3	7	2	1	5
37	268	4	8	1	2	2
38	109	2	2	3	3	1
39	255	7	9	1	2	2
40	253	1	8	2	2	2
41	152	2	8	2	1	1
42	117	1	2	3	3	2
43	188	1	7	2	1	4
44	46	1	9	1	1	4
45	127	3	5	3	3	1
46	146	1	7	3	3	1
47	167	6	6	3	2	1
48	142	4	5	3	1	2
49	8	4	6	1	3	1
50	286	4	7	3	3	2
51	20	6	6	3	2	1
52	292	1	2	3	1	3
53	266	2	8	2	2	2
54	9	3	6	2	2	2
55	265	1	6	3	2	2
56	76	2	8	1	1	1
57	130	9	9	1	1	3
58	185	6	7	3	3	2
59	250	4	6	2	2	1
60	150	4	7	1	2	2
61	10	4	7	1	3	1
62	141	4	8	2	3	1
63	204	2	7	3	1	3
64	32	3	7	3	1	1
65	193	2	8	2	3	2
66	2	4	6	1	1	4
67	241	3	8	2	3	1
68	133	1	8	1	3	2
69	61	2	3	2	2	2
70	149	1	4	2	3	1
71	209	5	7	3	3	2
72	273	4	6	3	3	2
73	113	5	8	2	2	2
74	145	3	7	1	2	1
75	221	1	8	2	3	2
76	245	3	4	1	3	1
77	285	4	7	3	1	4
78	161	4	7	3	3	2
79	125	3	6	3	1	1
80	68	6	9	1	2	2
81	217	1	6	3	1	3
82	35	1	8	1	2	1
83	262	2	8	1	1	4
84	12	1	5	3	1	5
85	230	6	7	3	2	2
86	111	2	6	3	3	2
87	34	6	8	2	3	1
88	89	1	5	2	1	3
89	29	2	8	1	3	2
90	290	2	9	1	2	2
91	131	1	9	1	2	1
92	80	7	7	1	3	1
93	148	2	8	1	1	3
94	210	2	7	2	3	1
95	128	2	9	1	2	2
96	219	1	4	2	2	2
97	40	5	5	3	1	3
98	27	1	7	3	2	1
99	243	3	8	1	3	1
100	108	1	3	1	3	2
101	194	1	5	2	1	4
102	112	4	9	1	1	1
103	246	7	8	1	1	4
104	173	6	7	2	1	2
105	225	4	8	2	3	2
106	56	5	5	3	3	2
107	166	4	7	2	1	1
108	3	2	5	3	3	2
109	223	2	9	1	3	2
110	132	1	7	2	3	2
111	49	5	8	1	1	3
112	122	1	3	3	2	1
113	297	3	3	1	2	2
114	183	1	7	3	2	2
115	71	1	9	1	2	2
116	272	2	9	1	3	1
117	43	3	7	1	1	5
118	288	4	4	2	2	1
119	136	1	5	3	3	2
120	189	1	7	3	1	5
121	263	2	8	2	2	1
122	296	3	4	2	1	2
123	45	1	9	1	3	2
124	190	7	9	1	3	2
125	1	1	8	2	2	2
126	107	1	2	3	3	2
127	160	1	9	1	3	1
128	172	3	7	3	2	1
129	240	2	5	1	3	1
130	55	2	6	3	2	1
131	62	2	4	3	3	1
132	244	3	3	2	2	2
133	229	4	8	2	1	4
134	191	3	8	2	3	2
135	83	7	7	1	1	2
136	144	2	2	1	3	1
137	195	2	2	3	1	4
138	25	3	4	2	3	2
139	103	3	7	3	3	1
140	270	1	2	2	1	1
141	64	1	9	1	1	4
142	186	1	2	3	1	3
143	203	1	7	3	2	2
144	50	1	7	3	1	5
145	181	1	8	1	2	2
146	87	1	1	3	1	5
147	44	2	5	2	3	1
148	261	1	8	2	2	2
149	85	1	8	2	1	1
150	123	5	7	1	2	2
151	247	1	8	2	2	1
152	232	1	6	1	2	2
153	208	1	7	3	1	1
154	205	3	8	1	2	1
155	170	1	4	2	2	1
156	30	2	3	3	3	2
157	295	5	6	2	2	1
158	135	1	7	3	1	4
159	175	3	6	3	2	2
160	99	7	7	1	2	1
161	258	4	5	3	2	1
162	84	5	5	3	3	2
163	222	4	8	1	1	5
164	86	2	3	1	3	2
165	130	1	2	2	1	4
166	236	1	7	1	3	2
167	70	1	8	2	1	4
168	6	4	4	2	1	1
169	277	1	8	2	2	2
170	7	1	8	2	1	1
171	196	7	7	3	2	1
172	199	1	9	1	3	1
173	58	1	7	3	3	2
174	139	1	7	3	3	2
175	231	1	4	1	3	2
176	215	4	8	1	3	2
177	224	5	5	1	1	5
178	52	4	5	3	3	1
179	274	6	8	1	3	2
180	227	8	8	1	2	2
181	155	7	7	3	1	2
182	18	3	5	3	2	2
183	73	1	8	2	3	1
184	234	1	8	1	3	1
185	42	9	9	1	1	4
186	194	1	6	2	3	1
187	197	7	7	2	3	1
188	57	2	4	3	1	2
189	19	1	7	3	2	2
190	88	1	6	3	1	3
191	95	3	8	2	2	1
192	279	5	5	2	1	5
193	79	1	7	3	3	1
194	81	2	6	3	2	1
195	164	2	6	3	2	1
196	259	1	7	2	3	1
197	256	2	4	3	2	2
198	239	2	6	3	2	1
199	169	1	6	3	1	2
200	53	4	4	2	1	5
201	91	2	7	2	2	2
202	174	6	6	3	2	1
203	159	3	7	2	1	3
204	182	3	4	2	1	4
205	226	2	5	3	3	1
206	257	6	6	3	1	3
207	11	6	7	1	2	1
208	96	1	5	3	3	2
209	60	1	2	3	3	1
210	118	5	5	1	1	1
211	198	2	9	1	3	1
212	104	1	8	2	1	5
213	202	5	6	3	3	2
214	22	3	3	3	2	2
215	47	2	9	1	3	2
216	31	1	7	1	3	1
217	151	5	7	3	1	2
218	38	1	6	3	1	5
219	264	4	7	2	3	1
220	105	1	5	3	2	1
221	220	4	5	3	2	1
222	129	2	3	3	3	2
223	16	1	4	1	3	2
224	54	6	9	1	1	5
225	33	2	6	1	2	2
226	102	6	7	3	1	5
227	214	6	7	3	2	2
228	153	5	6	2	2	2
229	291	4	7	3	1	1
230	171	1	7	3	1	1
231	260	2	6	2	1	5
232	63	1	9	1	3	2
233	242	1	8	2	3	2
234	177	2	8	1	1	1
235	17	2	9	1	3	2
236	115	2	8	2	3	2
237	179	1	8	2	2	2
238	119	7	7	3	2	1
239	252	1	9	1	3	2
240	97	6	6	1	3	2
241	140	2	7	3	3	2
242	28	4	8	2	3	1
243	24	4	6	2	3	1
244	92	4	4	3	3	2
245	37	1	9	1	2	2
246	248	1	7	3	1	1
247	93	5	5	1	2	1
248	218	2	7	2	2	2
249	293	1	9	1	3	1
250	124	5	7	3	2	1
251	48	5	8	1	2	2
252	276	4	5	3	1	4
253	137	2	4	3	2	1
254	114	3	5	1	3	1
255	163	1	7	3	3	1
256	233	3	3	2	1	2
257	212	5	9	1	3	1
258	211	1	7	3	3	1
259	134	1	7	3	1	4
260	271	1	4	3	3	1
261	157	1	9	1	1	2
262	138	1	7	2	2	2
263	23	4	4	1	3	1
264	216	3	9	1	1	1
265	228	4	8	2	3	2
266	147	1	6	3	3	1
267	101	2	6	2	1	1
268	213	2	3	1	1	2
269	249	2	8	2	1	3
270	5	3	4	3	2	1
271	69	1	7	3	2	1
272	110	1	2	3	2	1
273	201	1	7	3	3	1
274	143	6	8	2	3	2
275	14	1	2	3	2	2
276	120	3	3	3	2	2
277	165	2	7	1	1	5
278	4	2	7	1	2	2
279	251	3	7	3	3	1
280	269	4	6	2	1	2
281	287	1	8	2	2	2
282	282	1	7	3	1	3
283	156	3	5	2	1	3
284	207	4	8	2	1	1
285	176	1	9	1	2	1
286	187	1	8	2	2	2
287	192	2	5	2	1	3
288	67	5	8	1	2	1
289	237	6	7	3	3	2
290	26	1	9	1	1	1
291	283	9	9	1	1	3
292	21	2	6	3	1	5
293	168	1	7	3	3	1
294	65	3	5	1	3	2
295	265	4	6	3	1	3
296	254	6	7	3	2	2
297	78	1	1	3	1	1
298	267	2	8	2	2	2
299	206	2	7	3	3	1
300	278	3	8	2	3	2

